data_extracao;dep_administrativa;tipo;codigo;inep;nome;abr_nome;logradouro;numero;bairro;cep;latitude;longitude;telefone;email;url_website;blog;twitter;facebook;reg_conselho_tutelar;desc_reg_conselho_tutelar;reg_orcamento_part;desc_reg_orcamento_part;situacao_funcionamento;convenio_municipal;convenio_estadual;convenio_federal;convenio_fasc;escola_especial;cat_part_privada;cat_part_comunitaria;cat_part_confessional;cat_part_filantropica;mant_empresa_privada;mant_sindicato;mant_sistema_s;mant_ong;mant_apae
2021-01-01 04:16:45.380;MUNICIPAL;EDUCAÇÃO INFANTIL;101;43107672;EMEI JP CANTINHO AMIGO                                  ;CANTINHO                      ;PCA GARIBALDI                                     ;1;AZENHA              ;90050020  ;-30.0441;-51.2194;32271906            ;emei.cantinhoamigo@smed.prefpoa.com.br            ;http://websmed.portoalegre.rs.gov.br/escolas/cantinhoamigo/                                         ;;;;8;CENTRO;16;CENTRO;EM ATIVIDADE;NÃO;NÃO;NÃO;NÃO;NÃO;NÃO;NÃO;NÃO;NÃO;NÃO;NÃO;NÃO;NÃO;NÃO
2021-01-01 04:16:45.380;MUNICIPAL;EDUCAÇÃO INFANTIL;102;43107680;EMEI JP CIRANDINHA                                      ;CIRANDINHA                    ;RUA VINTE E QUATRO DE OUTUBRO                     ;211;INDEPENDÊNCIA       ;90510002  ;-30.0278;-51.205;33461600            ;emei.cirandinha@smed.prefpoa.com.br               ;http://websmed.portoalegre.rs.gov.br/escolas/cirandinha/                                            ;;;;8;CENTRO;16;CENTRO;EM ATIVIDADE;NÃO;NÃO;NÃO;NÃO;NÃO;NÃO;NÃO;NÃO;NÃO;NÃO;NÃO;NÃO;NÃO;NÃO
2021-01-01 04:16:45.380;MUNICIPAL;EDUCAÇÃO INFANTIL;103;43107699;EMEI JP GIRAFINHA                                       ;GIRAFINHA                     ;PCA JAYME TELLES                                  ;1;SANTANA             ;90650100  ;-30.0521;-51.2053;32192589            ;emei.girafinha@smed.prefpoa.com.br                ;http://websmed.portoalegre.rs.gov.br/escolas/girafinha/                                             ;;;;8;CENTRO;16;CENTRO;EM ATIVIDADE;NÃO;NÃO;NÃO;NÃO;NÃO;NÃO;NÃO;NÃO;NÃO;NÃO;NÃO;NÃO;NÃO;NÃO
2021-01-01 04:16:45.380;MUNICIPAL;EDUCAÇÃO INFANTIL;104;43107702;EMEI JP MEU AMIGUINHO                                   ;MEU AMIGUINHO                 ;R SAO CARLOS                                      ;636;FLORESTA            ;90220121  ;-30.0206;-51.2102;32276003            ;emei.meuamiguinho@smed.prefpoa.com.br             ;http://websmed.portoalegre.rs.gov.br/escolas/meuamiguinho/                                          ;;;;8;CENTRO;16;CENTRO;EM ATIVIDADE;NÃO;NÃO;NÃO;NÃO;NÃO;NÃO;NÃO;NÃO;NÃO;NÃO;NÃO;NÃO;NÃO;NÃO
2021-01-01 04:16:45.380;MUNICIPAL;EDUCAÇÃO INFANTIL;105;43107710;EMEI JP PASSARINHO DOURADO                              ;PASSARINHO DOURADO            ;AV GUIDO MONDIN                                   ;1;SÃO GERALDO         ;90230260  ;-30.011;-51.1958;33372537            ;emei.passarinhodourado@smed.prefpoa.com.br        ;http://websmed.portoalegre.rs.gov.br/escolas/passarinhodourado/                                     ;;;;1;ILHAS, HUMAITA/NAVEGANTES;1;HUMAITÁ/NAVEGANTES;EM ATIVIDADE;NÃO;NÃO;NÃO;NÃO;NÃO;NÃO;NÃO;NÃO;NÃO;NÃO;NÃO;NÃO;NÃO;NÃO
2021-01-01 04:16:45.380;MUNICIPAL;EDUCAÇÃO INFANTIL;106;43108369;EMEI JP PATINHO FEIO                                    ;PATINHO FEIO                  ;AV BRASIL                                         ;593;SÃO GERALDO         ;90230061  ;-30.0051;-51.2013;33742994            ;emei.patinhofeio@smed.prefpoa.com.br              ;http://websmed.portoalegre.rs.gov.br/escolas/patinhofeio/                                           ;;;;2;SARANDI/NORTE;1;HUMAITÁ/NAVEGANTES;EM ATIVIDADE;NÃO;NÃO;NÃO;NÃO;NÃO;NÃO;NÃO;NÃO;NÃO;NÃO;NÃO;NÃO;NÃO;NÃO
2021-01-01 04:16:45.380;MUNICIPAL;EDUCAÇÃO INFANTIL;107;43107729;EMEI JP PICA-PAU AMARELO                                ;PICA-PAU                      ;PCA GEN OSORIO                                    ;1;CENTRO HISTÓRICO    ;90010520  ;-30.0346;-51.2363;32275865            ;emei.picapauamarelo@smed.prefpoa.com.br           ;                                                                                                    ;;;;8;CENTRO;16;CENTRO;EM ATIVIDADE;NÃO;NÃO;NÃO;NÃO;NÃO;NÃO;NÃO;NÃO;NÃO;NÃO;NÃO;NÃO;NÃO;NÃO
2021-01-01 04:16:45.380;MUNICIPAL;EDUCAÇÃO INFANTIL;108;43173705;EMEI BAIRRO CAVALHADA                                   ;CAVALHADA                     ;R CANELA                                          ;180;CAVALHADA           ;91740190  ;-30.0994;-51.2293;32413604            ;emei.bairrocavalhada@smed.prefpoa.com.br          ;http://websmed.portoalegre.rs.gov.br/escolas/cavalhada/                                             ;;;;6;CENTRO SUL/SUL;12;CENTRO-SUL;EM ATIVIDADE;NÃO;NÃO;NÃO;NÃO;NÃO;NÃO;NÃO;NÃO;NÃO;NÃO;NÃO;NÃO;NÃO;NÃO
2021-01-01 04:16:45.380;MUNICIPAL;EDUCAÇÃO INFANTIL;109;43173691;EMEI ÉRICO VERÍSSIMO                                    ;ÉRICO VERÍSSIMO               ;R MODESTO FRANCO                                  ;100;PASSO DAS PEDRAS    ;91230100  ;-30.0146;-51.1276;33481408            ;leticiasaldanha@hotmail.com                       ;                                                                                                    ;;;;2;SARANDI/NORTE;14;EIXO BALTAZAR;EM ATIVIDADE;NÃO;NÃO;NÃO;NÃO;NÃO;NÃO;NÃO;NÃO;NÃO;NÃO;NÃO;NÃO;NÃO;NÃO
2021-01-01 04:16:45.380;MUNICIPAL;EDUCAÇÃO INFANTIL;110;43173683;EMEI JARDIM BENTO GONÇALVES                             ;BENTO GONÇALVES               ;R SARGENTO EXPED GERALDO SANTANA                  ;40;PARTENON            ;91530640  ;-30.07;-51.1562;33156120            ;emei.bentogoncalves@smed.prefpoa.com.br           ;http://websmed.portoalegre.rs.gov.br/escolas/bentogoncalves/                                        ;;;;4;PARTENON;7;PARTENON;EM ATIVIDADE;NÃO;NÃO;NÃO;NÃO;NÃO;NÃO;NÃO;NÃO;NÃO;NÃO;NÃO;NÃO;NÃO;NÃO
2021-01-01 04:16:45.380;MUNICIPAL;EDUCAÇÃO INFANTIL;111;43173675;EMEI DO JARDIM SALOMONI                                 ;SALOMONI                      ;R JOAQUIM DE CARVALHO                             ;325;VILA NOVA           ;91740840  ;-30.1165;-51.2205;32464712            ;emei.jardimsalomoni@smed.prefpoa.com.br           ;http://websmed.portoalegre.rs.gov.br/escolas/jardimsalomoni/                                        ;;;;6;CENTRO SUL/SUL;12;CENTRO-SUL;EM ATIVIDADE;NÃO;NÃO;NÃO;NÃO;NÃO;NÃO;NÃO;NÃO;NÃO;NÃO;NÃO;NÃO;NÃO;NÃO
2021-01-01 04:16:45.380;MUNICIPAL;EDUCAÇÃO INFANTIL;112;43173667;EMEI DA VILA MAX GEISS                                  ;MAX GEISS                     ;R ANTONIO FRANCISCO LISBOA                        ;400;RUBEM BERTA         ;91180040  ;-30.008;-51.0968;33653448            ;emei.vilamaxgeiss@smed.prefpoa.com.br             ;http://websmed.portoalegre.rs.gov.br/escolas/vilamaxgeiss/                                          ;;;;10;NORDESTE/EIXO BALTAZAR;14;EIXO BALTAZAR;EM ATIVIDADE;NÃO;NÃO;NÃO;NÃO;NÃO;NÃO;NÃO;NÃO;NÃO;NÃO;NÃO;NÃO;NÃO;NÃO
2021-01-01 04:16:45.380;MUNICIPAL;EDUCAÇÃO INFANTIL;113;43173659;EMEI MARIA HELENA CAVALHEIRO GUSMÃO                     ;MARIA HELENA                  ;R SILVINO OLIVEIRA                                ;250;VILA NOVA           ;91750057  ;-30.1249;-51.2194;32464821            ;emei.mariahelenagusmao@smed.prefpoa.com.br        ;http://websmed.portoalegre.rs.gov.br/escolas/mhgusmao/                                              ;;;;6;CENTRO SUL/SUL;12;CENTRO-SUL;EM ATIVIDADE;NÃO;NÃO;NÃO;NÃO;NÃO;NÃO;NÃO;NÃO;NÃO;NÃO;NÃO;NÃO;NÃO;NÃO
2021-01-01 04:16:45.380;MUNICIPAL;EDUCAÇÃO INFANTIL;115;43173632;EMEI VALE VERDE                                         ;VALE VERDE                    ;BC FRANKLIN                                       ;270;JARDIM SABARÁ       ;91210060  ;-30.040799999999997;-51.1431;33862044            ;emei.valeverde@smed.prefpoa.com.br                ;http://websmed.portoalegre.rs.gov.br/escolas/valeverde/                                             ;;;;3;BOM JESUS/LESTE;3;LESTE;EM ATIVIDADE;NÃO;NÃO;NÃO;NÃO;NÃO;NÃO;NÃO;NÃO;NÃO;NÃO;NÃO;NÃO;NÃO;NÃO
2021-01-01 04:16:45.380;MUNICIPAL;EDUCAÇÃO INFANTIL;116;43173624;EMEI DA VILA ELIZABETH                                  ;VILA ELIZABETH                ;R PAULO GOMES DE OLIVEIRA                         ;120;SARANDI             ;91120570  ;-29.9803;-51.1271;33645013            ;emei.vilaelizabeth@smed.prefpoa.com.br            ;http://websmed.portoalegre.rs.gov.br/escolas/vilaelizabeth/                                         ;;;;2;SARANDI/NORTE;5;NORTE;EM ATIVIDADE;NÃO;NÃO;NÃO;NÃO;NÃO;NÃO;NÃO;NÃO;NÃO;NÃO;NÃO;NÃO;NÃO;NÃO
2021-01-01 04:16:45.380;MUNICIPAL;EDUCAÇÃO INFANTIL;117;43173616;EMEI DA VILA FLORESTA                                   ;VILA FLORESTA                 ;R MONTE ALEGRE                                    ;55;JARDIM FLORESTA     ;91040120  ;-30.0035;-51.1562;33622088            ;emei.vilafloresta@smed.prefpoa.com.br             ;http://websmed.portoalegre.rs.gov.br/escolas/vilafloresta/                                          ;;;;2;SARANDI/NORTE;2;NOROESTE;EM ATIVIDADE;NÃO;NÃO;NÃO;NÃO;NÃO;NÃO;NÃO;NÃO;NÃO;NÃO;NÃO;NÃO;NÃO;NÃO
2021-01-01 04:16:45.380;MUNICIPAL;EDUCAÇÃO INFANTIL;118;43173608;EMEI MARIA MARQUES FERNANDES                            ;MARIA MARQUES                 ;AV SANTO DIAS DA SILVA                            ;550;LOMBA DO PINHEIRO   ;91550500  ;-30.0967;-51.1327;33191208            ;emei.mariafernandes@smed.prefpoa.com.br           ;http://websmed.portoalegre.rs.gov.br/escolas/mariamarquesfernandes/                                 ;;;;9;LOMBA DO PINHEIRO/AGRONOMIA;4;LOMBA DO PINHEIRO;EM ATIVIDADE;NÃO;NÃO;NÃO;NÃO;NÃO;NÃO;NÃO;NÃO;NÃO;NÃO;NÃO;NÃO;NÃO;NÃO
2021-01-01 04:16:45.380;MUNICIPAL;EDUCAÇÃO INFANTIL;119;43173594;EMEI VILA NOVA                                          ;VILA NOVA                     ;R FERNANDO PESSOA                                 ;350;VILA NOVA           ;91750340  ;-30.1261;-51.2094;32895853            ;emei.vilanova@smed.prefpoa.com.br                 ;                                                                                                    ;;;;6;CENTRO SUL/SUL;15;SUL;EM ATIVIDADE;NÃO;NÃO;NÃO;NÃO;NÃO;NÃO;NÃO;NÃO;NÃO;NÃO;NÃO;NÃO;NÃO;NÃO
2021-01-01 04:16:45.380;MUNICIPAL;EDUCAÇÃO INFANTIL;120;43173586;EMEI DOM LUIZ DE NADAL                                  ;LUIZ DE NADAL                 ;R DR CARLOS NIEDERAUER HOFMEISTER                 ;808;RESTINGA            ;91790020  ;-30.1504;-51.1395;32481410            ;emei.luizdenadal@smed.prefpoa.com.br              ;                                                                                                    ;;;;7;RESTINGA/EXTREMO-SUL;8;RESTINGA;EM ATIVIDADE;NÃO;NÃO;NÃO;NÃO;NÃO;NÃO;NÃO;NÃO;NÃO;NÃO;NÃO;NÃO;NÃO;NÃO
2021-01-01 04:16:45.380;MUNICIPAL;EDUCAÇÃO INFANTIL;121;43173578;EMEI FLORÊNCIA VURLOD SOCIAS                            ;FLORENCIA                     ;R TEN ARIZOLY FAGUNDES                            ;250;RESTINGA            ;91790520  ;-30.1536;-51.1433;32501703            ;emei.florenciasocias@smed.prefpoa.com.br          ;http://websmed.portoalegre.rs.gov.br/escolas/florenciavsocias/                                      ;;;;7;RESTINGA/EXTREMO-SUL;8;RESTINGA;EM ATIVIDADE;NÃO;NÃO;NÃO;NÃO;NÃO;NÃO;NÃO;NÃO;NÃO;NÃO;NÃO;NÃO;NÃO;NÃO
2021-01-01 04:16:45.380;MUNICIPAL;EDUCAÇÃO INFANTIL;122;43173560;EMEI DA VILA NOVA RESTINGA                              ;NOVA RESTINGA                 ;R ALVARO DIFINI                                   ;480;RESTINGA            ;91790560  ;-30.1487;-51.1452;32501600            ;emei.vilanovarestinga@smed.prefpoa.com.br         ;                                                                                                    ;;;;7;RESTINGA/EXTREMO-SUL;8;RESTINGA;EM ATIVIDADE;NÃO;NÃO;NÃO;NÃO;NÃO;NÃO;NÃO;NÃO;NÃO;NÃO;NÃO;NÃO;NÃO;NÃO
2021-01-01 04:16:45.380;MUNICIPAL;EDUCAÇÃO INFANTIL;123;43173551;EMEI DA VILA DA PÁSCOA                                  ;VILA DA PÁSCOA                ;R LORIS JOSE ISATTO                               ;0;RUBEM BERTA         ;91160160  ;-29.9928;-51.1067;33673434            ;emei.viladapascoa@smed.prefpoa.com.br             ;http://websmed.portoalegre.rs.gov.br/escolas/vilapascoa/                                            ;;;;2;SARANDI/NORTE;5;NORTE;EM ATIVIDADE;NÃO;NÃO;NÃO;NÃO;NÃO;NÃO;NÃO;NÃO;NÃO;NÃO;NÃO;NÃO;NÃO;NÃO
2021-01-01 04:16:45.380;MUNICIPAL;EDUCAÇÃO INFANTIL;124;43173543;EMEI DA VILA TRONCO                                     ;VILA TRONCO                   ;AV MOAB CALDAS                                    ;129;SANTA TEREZA        ;90880310  ;-30.0679;-51.2145;32669519            ;emei.vilatronco@smed.prefpoa.com.br               ;                                                                                                    ;;;;5;GLÓRIA/CRUZEIRO/CRISTAL;10;CRUZEIRO;EM ATIVIDADE;NÃO;NÃO;NÃO;NÃO;NÃO;NÃO;NÃO;NÃO;NÃO;NÃO;NÃO;NÃO;NÃO;NÃO
2021-01-01 04:16:45.380;MUNICIPAL;EDUCAÇÃO INFANTIL;125;43173535;EMEI DR WALTER SILBER                                   ;WALTER SILBER                 ;RUA FREI CLEMENTE                                 ;150;VILA SÃO JOSÉ       ;91520260  ;-30.0708;-51.1698;33361893            ;emei.waltersilber@smed.prefpoa.com.br             ;http://websmed.portoalegre.rs.gov.br/escolas/drwaltersilber/                                        ;;;;4;PARTENON;7;PARTENON;EM ATIVIDADE;NÃO;NÃO;NÃO;NÃO;NÃO;NÃO;NÃO;NÃO;NÃO;NÃO;NÃO;NÃO;NÃO;NÃO
2021-01-01 04:16:45.380;MUNICIPAL;EDUCAÇÃO INFANTIL;126;43173527;EMEI DOS MUNICIPÁRIOS TIO BARNABÉ                       ;TIO BARNABÉ                   ;R OTTO ERNST MEYER                                ;55;AZENHA              ;90050060  ;-30.0464;-51.2157;32274591            ;emei.tiobarnabe@smed.prefpoa.com.br               ;http://websmed.portoalegre.rs.gov.br/escolas/barnabe/                                               ;;;;8;CENTRO;16;CENTRO;EM ATIVIDADE;NÃO;NÃO;NÃO;NÃO;NÃO;NÃO;NÃO;NÃO;NÃO;NÃO;NÃO;NÃO;NÃO;NÃO
2021-01-01 04:16:45.380;MUNICIPAL;EDUCAÇÃO INFANTIL;127;43173519;EMEI PARQUE DOS MAIAS II                                ;EMEI PARQUE                   ;R AMAURI CAFRUNE                                  ;149;RUBEM BERTA         ;91170075  ;-30.0048;-51.095;33673816            ;emei.parquedosmaias2@smed.prefpoa.com.br          ;http://websmed.portoalegre.rs.gov.br/escolas/parquemaias/parquemaias/                               ;;;;10;NORDESTE/EIXO BALTAZAR;5;NORTE;EM ATIVIDADE;NÃO;NÃO;NÃO;NÃO;NÃO;NÃO;NÃO;NÃO;NÃO;NÃO;NÃO;NÃO;NÃO;NÃO
2021-01-01 04:16:45.380;MUNICIPAL;EDUCAÇÃO INFANTIL;128;43173500;EMEI DA VILA NOVA SÃO CARLOS                            ;NOVA SÃO CARLOS               ;C ESTR JOAO DE OLIVEIRA REMIAO                    ;1;LOMBA DO PINHEIRO   ;91560695  ;-30.1107;-51.1106;33191146            ;emei.vilanovasaocarlos@smed.prefpoa.com.br        ;http://websmed.portoalegre.rs.gov.br/escolas/vilanovasaocarlos/                                     ;;;;9;LOMBA DO PINHEIRO/AGRONOMIA;4;LOMBA DO PINHEIRO;EM ATIVIDADE;NÃO;NÃO;NÃO;NÃO;NÃO;NÃO;NÃO;NÃO;NÃO;NÃO;NÃO;NÃO;NÃO;NÃO
2021-01-01 04:16:45.380;MUNICIPAL;EDUCAÇÃO INFANTIL;129;43173497;EMEI DA VILA MAPA II                                    ;VILA MAPA II                  ;RUA PEDRO GOLOMBIEWSKI                            ;100;LOMBA DO PINHEIRO   ;91550230  ;-30.0961;-51.1345;33191633            ;emei.vilamapa2@smed.prefpoa.com.br                ;http://websmed.portoalegre.rs.gov.br/escolas/vilamapaii/                                            ;;;;9;LOMBA DO PINHEIRO/AGRONOMIA;4;LOMBA DO PINHEIRO;EM ATIVIDADE;NÃO;NÃO;NÃO;NÃO;NÃO;NÃO;NÃO;NÃO;NÃO;NÃO;NÃO;NÃO;NÃO;NÃO
2021-01-01 04:16:45.380;MUNICIPAL;EDUCAÇÃO INFANTIL;130;43175163;EMEI ILHA DA PINTADA                                    ;ILHA DA PINTADA               ;R GARRUCHOS                                       ;0;ARQUIPÉLAGO         ;90090080  ;-30.0165;-51.2604;32117542            ;emei.ilhadapintada@smed.prefpoa.com.br            ;http://websmed.portoalegre.rs.gov.br/escolas/ilhadapintada/index.htm                                ;;;;1;ILHAS, HUMAITA/NAVEGANTES;17;ILHAS;EM ATIVIDADE;NÃO;NÃO;NÃO;NÃO;NÃO;NÃO;NÃO;NÃO;NÃO;NÃO;NÃO;NÃO;NÃO;NÃO
2021-01-01 04:16:45.380;MUNICIPAL;EDUCAÇÃO INFANTIL;131;43173489;EMEI JARDIM CAMAQUÃ                                     ;JARDIM CAMAQUÃ                ;R JARDIM DAS BROMÉLIAS                            ;1;CAMAQUÃ             ;91920400  ;-30.1116;-51.2354;32414986            ;emei.jardimcamaqua@smed.prefpoa.com.br            ;http://websmed.portoalegre.rs.gov.br/escolas/camaqua/index.htm                                      ;;;;6;CENTRO SUL/SUL;12;CENTRO-SUL;EM ATIVIDADE;NÃO;NÃO;NÃO;NÃO;NÃO;NÃO;NÃO;NÃO;NÃO;NÃO;NÃO;NÃO;NÃO;NÃO
2021-01-01 04:16:45.380;MUNICIPAL;EDUCAÇÃO INFANTIL;132;43173470;EMEI PADRE ÂNGELO COSTA                                 ;PE ÂNGELO COSTA               ;RUA PRIMEIRO DE MARÇO                             ;300;VILA SÃO JOSÉ       ;91520620  ;-30.066;-51.1676;33183108            ;emei.angelocosta@smed.prefpoa.com.br              ;http://websmed.portoalegre.rs.gov.br/escolas/padreangelocosta/                                      ;;;;4;PARTENON;7;PARTENON;EM ATIVIDADE;NÃO;NÃO;NÃO;NÃO;NÃO;NÃO;NÃO;NÃO;NÃO;NÃO;NÃO;NÃO;NÃO;NÃO
2021-01-01 04:16:45.380;MUNICIPAL;EDUCAÇÃO INFANTIL;133;43173462;EMEI PROTÁSIO ALVES                                     ;PROTÁSIO ALVES                ;R ARACY FROES                                     ;210;JARDIM SABARÁ       ;91210230  ;-30.039499999999997;-51.144299999999994;33383510            ;emei.protasioalves@smed.prefpoa.com.br            ;http://websmed.portoalegre.rs.gov.br/escolas/protasioalves/index.htm                                ;;;;3;BOM JESUS/LESTE;3;LESTE;EM ATIVIDADE;NÃO;NÃO;NÃO;NÃO;NÃO;NÃO;NÃO;NÃO;NÃO;NÃO;NÃO;NÃO;NÃO;NÃO
2021-01-01 04:16:45.380;MUNICIPAL;EDUCAÇÃO INFANTIL;134;43173454;EMEI NOVA GLEBA                                         ;NOVA GLEBA                    ;R GUIDO ALBERTO WERLANG                           ;747;RUBEM BERTA         ;91170300  ;-29.9991;-51.0934;33674007            ;emei.novagleba@smed.prefpoa.com.br                ;http://websmed.portoalegre.rs.gov.br/escolas/novagleba                                              ;;;;10;NORDESTE/EIXO BALTAZAR;5;NORTE;EM ATIVIDADE;NÃO;NÃO;NÃO;NÃO;NÃO;NÃO;NÃO;NÃO;NÃO;NÃO;NÃO;NÃO;NÃO;NÃO
2021-01-01 04:16:45.380;MUNICIPAL;EDUCAÇÃO INFANTIL;135;43175155;EMEI DA VILA SANTA ROSA                                 ;SANTA ROSA                    ;AV DONARIO BRAGA                                  ;1;RUBEM BERTA         ;91160360  ;-29.998;-51.1032;33876499            ;emei.vilasantarosa@smed.prefpoa.com.br            ;http://websmed.portoalegre.rs.gov.br/escolas/vilasantarosa/                                         ;;;;10;NORDESTE/EIXO BALTAZAR;5;NORTE;EM ATIVIDADE;NÃO;NÃO;NÃO;NÃO;NÃO;NÃO;NÃO;NÃO;NÃO;NÃO;NÃO;NÃO;NÃO;NÃO
2021-01-01 04:16:45.380;MUNICIPAL;EDUCAÇÃO INFANTIL;136;43175147;EMEI HUMAITÁ                                            ;HUMAITÁ                       ;RUA DR CAIO BRANDÃO DE MELLO                      ;1;HUMAITÁ             ;90250110  ;-29.9804;-51.1855;33744223            ;emei.humaita@smed.prefpoa.com.br                  ;http://websmed.portoalegre.rs.gov.br/escolas/humaita                                                ;;;;1;ILHAS, HUMAITA/NAVEGANTES;1;HUMAITÁ/NAVEGANTES;EM ATIVIDADE;NÃO;NÃO;NÃO;NÃO;NÃO;NÃO;NÃO;NÃO;NÃO;NÃO;NÃO;NÃO;NÃO;NÃO
2021-01-01 04:16:45.380;MUNICIPAL;EDUCAÇÃO INFANTIL;137;43175139;EMEI PONTA GROSSA                                       ;PONTA GROSSA                  ;ESTR RETIRO DA PONTA GROSSA                       ;3581;PONTA GROSSA        ;91780590  ;-30.185;-51.2103;32464812            ;emei.pontagrossa@smed.prefpoa.com.br              ;http://websmed.portoalegre.rs.gov.br/escolas/pgrossa/                                               ;;;;7;RESTINGA/EXTREMO-SUL;13;EXTREMO SUL;EM ATIVIDADE;NÃO;NÃO;NÃO;NÃO;NÃO;NÃO;NÃO;NÃO;NÃO;NÃO;NÃO;NÃO;NÃO;NÃO
2021-01-01 04:16:45.380;MUNICIPAL;EDUCAÇÃO INFANTIL;138;43177026;EMEI DA VILA VALNERI ANTUNES                            ;VALNERI                       ;AV MARTIM FELIX BERTA                             ;2353;RUBEM BERTA         ;91270650  ;-30.0304;-51.112;33876077            ;emei.vilavalneriantunes@smed.prefpoa.com.br       ;http://websmed.portoalegre.rs.gov.br/escolas/valneriantunes/                                        ;;;;10;NORDESTE/EIXO BALTAZAR;6;NORDESTE;EM ATIVIDADE;NÃO;NÃO;NÃO;NÃO;NÃO;NÃO;NÃO;NÃO;NÃO;NÃO;NÃO;NÃO;NÃO;NÃO
2021-01-01 04:16:45.380;MUNICIPAL;EDUCAÇÃO INFANTIL;139;43181112;EMEI OSMAR DOS SANTOS FREITAS                           ;OSMAR FREITAS                 ;BC UM RUA DONA OTILIA                             ;497;SANTA TEREZA        ;90830582  ;-30.0805;-51.2279;32666766            ;emei.osmarfreitas@smed.prefpoa.com.br             ;http://websmed.portoalegre.rs.gov.br/escolas/osmarsantos/                                           ;;;;5;GLÓRIA/CRUZEIRO/CRISTAL;10;CRUZEIRO;EM ATIVIDADE;NÃO;NÃO;NÃO;NÃO;NÃO;NÃO;NÃO;NÃO;NÃO;NÃO;NÃO;NÃO;NÃO;NÃO
2021-01-01 04:16:45.380;MUNICIPAL;EDUCAÇÃO INFANTIL;140;43181376;EMEI PAULO FREIRE                                       ;PAULO FREIRE                  ;AV MERIDIONAL                                     ;0;RESTINGA            ;91790070  ;-30.1561;-51.1381;32502430            ;emei.paulofreire@smed.prefpoa.com.br              ;http://websmed.portoalegre.rs.gov.br/escolas/paulofreire/                                           ;;;;7;RESTINGA/EXTREMO-SUL;8;RESTINGA;EM ATIVIDADE;NÃO;NÃO;NÃO;NÃO;NÃO;NÃO;NÃO;NÃO;NÃO;NÃO;NÃO;NÃO;NÃO;NÃO
2021-01-01 04:16:45.380;MUNICIPAL;EDUCAÇÃO INFANTIL;141;43185401;EMEI MAMÃE CORUJA                                       ;MAMÃE CORUJA                  ;AV BENTO GONCALVES                                ;642;AZENHA              ;90650000  ;-30.0519;-51.2066;32310488            ;mamaecoruja@smed.prefpoa.com.br                   ;http://websmed.portoalegre.rs.gov.br/escolas/mamaecoruja/                                           ;;;;8;CENTRO;16;CENTRO;EM ATIVIDADE;NÃO;NÃO;NÃO;NÃO;NÃO;NÃO;NÃO;NÃO;NÃO;NÃO;NÃO;NÃO;NÃO;NÃO
2021-01-01 04:16:45.380;MUNICIPAL;EDUCAÇÃO INFANTIL;142;43048196;EMEI MIGUEL GRANATO VELASQUEZ                           ;MIGUEL VELASQUEZ              ;R ARMANDO COSTA                                   ;0;SARANDI             ;91120450  ;-29.9821;-51.1239;33440759            ;miguelvelasquez@smed.prefpoa.com.br               ;                                                                                                    ;;;;2;SARANDI/NORTE;5;NORTE;EM ATIVIDADE;NÃO;NÃO;NÃO;NÃO;NÃO;NÃO;NÃO;NÃO;NÃO;NÃO;NÃO;NÃO;NÃO;NÃO
2021-01-01 04:16:45.380;MUNICIPAL;EDUCAÇÃO INFANTIL;143;43141790;EMEI SANTO EXPEDITO                                     ;SANTO EXPEDITO                ;R SANTO EXPEDITO                                  ;0;RUBEM BERTA         ;91180265  ;-30.0074;-51.1004;33656802            ;liaf.fadini@smed.prefpoa.com.br                   ;                                                                                                    ;;;;10;NORDESTE/EIXO BALTAZAR;14;EIXO BALTAZAR;EM ATIVIDADE;NÃO;NÃO;NÃO;NÃO;NÃO;NÃO;NÃO;NÃO;NÃO;NÃO;NÃO;NÃO;NÃO;NÃO
2021-01-01 04:16:45.380;MUNICIPAL;ENSINO FUNDAMENTAL;201;43105440;EMEF AFONSO GUERREIRO LIMA                              ;AFONSO                        ;R GUAIBA - LOMBA DO PINHEIRO                      ;203;LOMBA DO PINHEIRO   ;91560640  ;-30.111348;-51.112296;33191011            ;emef.afonsoguerreiro@smed.prefpoa.com.br          ;http://websmed.portoalegre.rs.gov.br/escolas/guerreiro/                                             ;;;;9;LOMBA DO PINHEIRO/AGRONOMIA;4;LOMBA DO PINHEIRO;EM ATIVIDADE;NÃO;NÃO;NÃO;NÃO;NÃO;NÃO;NÃO;NÃO;NÃO;NÃO;NÃO;NÃO;NÃO;NÃO
2021-01-01 04:16:45.380;MUNICIPAL;ENSINO FUNDAMENTAL;202;43107842;EMEF SEN ALBERTO PASQUALINI                             ;PASQUALINI                    ;R TEN ARIZOLY FAGUNDES                            ;250;RESTINGA            ;91790520  ;-30.152845;-51.143479;32501648            ;emef.albertopasqualini@smed.prefpoa.com.br        ;http://websmed.portoalegre.rs.gov.br/escolas/pasqualini/                                            ;;;;7;RESTINGA/EXTREMO-SUL;8;RESTINGA;EM ATIVIDADE;NÃO;NÃO;NÃO;NÃO;NÃO;NÃO;NÃO;NÃO;NÃO;NÃO;NÃO;NÃO;NÃO;NÃO
2021-01-01 04:16:45.380;MUNICIPAL;ENSINO FUNDAMENTAL;203;43105459;EMEF AMÉRICA                                            ;AMÉRICA                       ;RUA PADRE ANGELO COSTA                            ;175;PARTENON            ;91520161  ;-30.078504;-51.167847;33181076            ;emef.america@smed.prefpoa.com.br                  ;http://websmed.portoalegre.rs.gov.br/escolas/america/                                               ;;;;4;PARTENON;7;PARTENON;EM ATIVIDADE;NÃO;NÃO;NÃO;NÃO;NÃO;NÃO;NÃO;NÃO;NÃO;NÃO;NÃO;NÃO;NÃO;NÃO
2021-01-01 04:16:45.380;MUNICIPAL;ENSINO FUNDAMENTAL;204;43105467;EMEF ARAMY SILVA                                        ;ARAMY                         ;R CHICO PEDRO                                     ;390;CAMAQUÃ             ;91910650  ;-30.097866;-51.241577;32413382            ;emef.aramysilva@smed.prefpoa.com.br               ;http://websmed.portoalegre.rs.gov.br/escolas/aramy/                                                 ;;;;5;GLÓRIA/CRUZEIRO/CRISTAL;11;CRISTAL;EM ATIVIDADE;NÃO;NÃO;NÃO;NÃO;NÃO;NÃO;NÃO;NÃO;NÃO;NÃO;NÃO;NÃO;NÃO;NÃO
2021-01-01 04:16:45.380;MUNICIPAL;ENSINO FUNDAMENTAL;205;43105475;EMEF DÉCIO MARTINS COSTA                                ;DÉCIO                         ;R CRISTOVAO JAQUES                                ;488;SARANDI             ;91140420  ;-29.988972;-51.107087;33472935            ;emef.deciocosta@smed.prefpoa.com.br               ;http://websmed.portoalegre.rs.gov.br/escolas/decio/                                                 ;;;;10;NORDESTE/EIXO BALTAZAR;5;NORTE;EM ATIVIDADE;NÃO;NÃO;NÃO;NÃO;NÃO;NÃO;NÃO;NÃO;NÃO;NÃO;NÃO;NÃO;NÃO;NÃO
2021-01-01 04:16:45.380;MUNICIPAL;ENSINO FUNDAMENTAL;206;43105483;EMEF DOLORES ALCARAZ CALDAS                             ;DOLORES                       ;R DR CARLOS NIEDERAUER HOFMEISTER                 ;85;RESTINGA            ;91790020  ;-30.151252;-51.137753;32501609            ;emef.dolorescaldas@smed.prefpoa.com.br            ;http://websmed.portoalegre.rs.gov.br/escolas/dolores/                                               ;;;;7;RESTINGA/EXTREMO-SUL;8;RESTINGA;EM ATIVIDADE;NÃO;NÃO;NÃO;NÃO;NÃO;NÃO;NÃO;NÃO;NÃO;NÃO;NÃO;NÃO;NÃO;NÃO
2021-01-01 04:16:45.380;MUNICIPAL;ENSINO FUNDAMENTAL;207;43109071;EMEF PROF GILBERTO JORGE GONÇALVES DA SILVA             ;GILBERTO JORGE                ;R MORRO ALTO                                      ;433;IPANEMA             ;91751650  ;-30.137165999999997;-51.211226999999994;32464603            ;emef.gilbertojorge@hotmail.com                    ;http://websmed.portoalegre.rs.gov.br/escolas/gjorge/                                                ;;;;6;CENTRO SUL/SUL;15;SUL;EM ATIVIDADE;NÃO;NÃO;NÃO;NÃO;NÃO;NÃO;NÃO;NÃO;NÃO;NÃO;NÃO;NÃO;NÃO;NÃO
2021-01-01 04:16:45.380;MUNICIPAL;ENSINO FUNDAMENTAL;208;43108571;EMEF GRANDE ORIENTE DO RGS                              ;GRANDE ORIENTE                ;R WOLFRAM METZLER                                 ;600;RUBEM BERTA         ;91250320  ;-30.024317;-51.104082;33661602            ;emef.grandeoriente@smed.prefpoa.com.br            ;http://websmed.portoalegre.rs.gov.br/escolas/oriente/                                               ;;;;10;NORDESTE/EIXO BALTAZAR;14;EIXO BALTAZAR;EM ATIVIDADE;NÃO;NÃO;NÃO;NÃO;NÃO;NÃO;NÃO;NÃO;NÃO;NÃO;NÃO;NÃO;NÃO;NÃO
2021-01-01 04:16:45.380;MUNICIPAL;ENSINO FUNDAMENTAL;209;43107508;EMEF GOV ILDO MENEGHETTI                                ;ILDO                          ;R JAYME CYRINO MACHADO DE OLIVEIRA                ;250;SANTA ROSA DE LIMA  ;91160060  ;-29.993513999999998;-51.105236;33673218            ;emef.ildomeneghetti@smed.prefpoa.com.br           ;http://websmed.portoalegre.rs.gov.br/escolas/ildo/                                                  ;;;;2;SARANDI/NORTE;5;NORTE;EM ATIVIDADE;NÃO;NÃO;NÃO;NÃO;NÃO;NÃO;NÃO;NÃO;NÃO;NÃO;NÃO;NÃO;NÃO;NÃO
2021-01-01 04:16:45.380;MUNICIPAL;ENSINO FUNDAMENTAL;210;43105491;EMEF JOSÉ LOUREIRO DA SILVA                             ;LOUREIRO                      ;AV CAPIVARI                                       ;1999;CRISTAL             ;90810070  ;-30.082424;-51.232502;32665175            ;emef.loureiro@escolas.prefpoa.com.br              ;http://websmed.portoalegre.rs.gov.br/escolas/loureiro/                                              ;;;;5;GLÓRIA/CRUZEIRO/CRISTAL;10;CRUZEIRO;EM ATIVIDADE;NÃO;NÃO;NÃO;NÃO;NÃO;NÃO;NÃO;NÃO;NÃO;NÃO;NÃO;NÃO;NÃO;NÃO
2021-01-01 04:16:45.380;MUNICIPAL;ENSINO FUNDAMENTAL;211;43108563;EMEF PRES JOÃO BELCHIOR MARQUES GOULART                 ;JOÃO GOULART                  ;R JOAO LUIZ PUFAL                                 ;100;SARANDI             ;91120530  ;-29.979264999999998;-51.126152999999995;32895939            ;emef.joaogoulart@smed.prefpoa.com.br              ;http://websmed.portoalegre.rs.gov.br/escolas/goulart/                                               ;;;;2;SARANDI/NORTE;5;NORTE;EM ATIVIDADE;NÃO;NÃO;NÃO;NÃO;NÃO;NÃO;NÃO;NÃO;NÃO;NÃO;NÃO;NÃO;NÃO;NÃO
2021-01-01 04:16:45.380;MUNICIPAL;ENSINO FUNDAMENTAL;212;43109055;EMEF PROF JUDITH MACEDO DE ARAÚJO                       ;JUDITH                        ;RUA SAUL CONSTANTINO VL SJ COMUNITÁRIA            ;100;VILA SÃO JOSÉ       ;91520716  ;-30.076075;-51.163616999999995;33851308            ;emef.judithdearaujo@smed.prefpoa.com.br           ;http://websmed.portoalegre.rs.gov.br/escolas/judith/                                                ;;;;4;PARTENON;7;PARTENON;EM ATIVIDADE;NÃO;NÃO;NÃO;NÃO;NÃO;NÃO;NÃO;NÃO;NÃO;NÃO;NÃO;NÃO;NÃO;NÃO
2021-01-01 04:16:45.380;MUNICIPAL;ENSINO FUNDAMENTAL;213;43109098;EMEF PROF LARRY JOSÉ RIBEIRO ALVES                      ;LARRY ALVES                   ;AV ECON NILO WULFF                                ;1000;RESTINGA            ;91790000  ;-30.15065;-51.143603;32501656            ;emef.larry@smed.prefpoa.com.br                    ;http://websmed.portoalegre.rs.gov.br/escolas/larry/                                                 ;;;;7;RESTINGA/EXTREMO-SUL;8;RESTINGA;EM ATIVIDADE;NÃO;NÃO;NÃO;NÃO;NÃO;NÃO;NÃO;NÃO;NÃO;NÃO;NÃO;NÃO;NÃO;NÃO
2021-01-01 04:16:45.380;MUNICIPAL;ENSINO FUNDAMENTAL;214;43109063;EMEF LEOCÁDIA FELIZARDO PRESTES                         ;LEOCÁDIA                      ;R ROMEU DE VASCONCELLOS ROSA                      ;10;VILA NOVA           ;91751370  ;-30.129188;-51.216406;32464648            ;emef.leocadiaprestes@smed.prefpoa.com.br          ;http://websmed.portoalegre.rs.gov.br/escolas/leocadia/                                              ;;;;6;CENTRO SUL/SUL;12;CENTRO-SUL;EM ATIVIDADE;NÃO;NÃO;NÃO;NÃO;NÃO;NÃO;NÃO;NÃO;NÃO;NÃO;NÃO;NÃO;NÃO;NÃO
2021-01-01 04:16:45.380;MUNICIPAL;EDUCAÇÃO INFANTIL, ENSINO FUNDAMENTAL, ENSINO MÉDIO, NORMAL/MAGISTÉRIO, PROFISSIONALIZANTE;215;43105505;EMEB DR LIBERATO SALZANO VIEIRA DA CUNHA                ;LIBERATO                      ;R XAVIER DE CARVALHO                              ;274;SARANDI             ;91110440  ;-29.993935;-51.133246;33641065            ;emeb.liberatosalzano@smed.prefpoa.com.br          ;http://websmed.portoalegre.rs.gov.br/escolas/liberato/                                              ;;;;2;SARANDI/NORTE;5;NORTE;EM ATIVIDADE;NÃO;NÃO;NÃO;NÃO;NÃO;NÃO;NÃO;NÃO;NÃO;NÃO;NÃO;NÃO;NÃO;NÃO
2021-01-01 04:16:45.380;MUNICIPAL;ENSINO FUNDAMENTAL;216;43109101;EMEF VER MARTIM ARANHA                                  ;MARTIM ARANHA                 ;R CONEGO PAULO ISIDORO DE NADAL                   ;1;SANTA TEREZA        ;90830540  ;-30.085076;-51.228443;32666228            ;emef.martimaranha@smed.prefpoa.com.br             ;http://websmed.portoalegre.rs.gov.br/escolas/martim/                                                ;;;;5;GLÓRIA/CRUZEIRO/CRISTAL;10;CRUZEIRO;EM ATIVIDADE;NÃO;NÃO;NÃO;NÃO;NÃO;NÃO;NÃO;NÃO;NÃO;NÃO;NÃO;NÃO;NÃO;NÃO
2021-01-01 04:16:45.380;MUNICIPAL;ENSINO FUNDAMENTAL;217;43105513;EMEF NOSSA SENHORA DE FÁTIMA                            ;FÁTIMA                        ;R A VILA N S FATIMA-DIVINEIA                      ;15;BOM JESUS           ;91420701  ;-30.046837;-51.158048;33383695            ;emef.fatima@smed.prefpoa.com.br                   ;http://websmed.portoalegre.rs.gov.br/escolas/fatima/                                                ;;;;3;BOM JESUS/LESTE;3;LESTE;EM ATIVIDADE;NÃO;NÃO;NÃO;NÃO;NÃO;NÃO;NÃO;NÃO;NÃO;NÃO;NÃO;NÃO;NÃO;NÃO
2021-01-01 04:16:45.380;MUNICIPAL;ENSINO FUNDAMENTAL;218;43105521;EMEF PEPITA DE LEÃO                                     ;PEPITA                        ;R ESTADIO                                         ;29;PASSO DAS PEDRAS    ;91230030  ;-30.015379;-51.128178;33441522            ;emef.pepitadeleao@smed.prefpoa.com.br             ;http://websmed.portoalegre.rs.gov.br/escolas/pepita/                                                ;;;;2;SARANDI/NORTE;14;EIXO BALTAZAR;EM ATIVIDADE;NÃO;NÃO;NÃO;NÃO;NÃO;NÃO;NÃO;NÃO;NÃO;NÃO;NÃO;NÃO;NÃO;NÃO
2021-01-01 04:16:45.380;MUNICIPAL;ENSINO FUNDAMENTAL;219;43105530;EMEF PRESIDENTE VARGAS                                  ;PRESIDENTE                    ;RUA ANA AURORA DO AMARAL LISBOA                   ;60;PASSO DAS PEDRAS    ;91230000  ;-30.016683;-51.12712;33481732            ;emef.presidentevargas@smed.prefpoa.com.br         ;http://websmed.portoalegre.rs.gov.br/escolas/presidente/                                            ;;;;2;SARANDI/NORTE;14;EIXO BALTAZAR;EM ATIVIDADE;NÃO;NÃO;NÃO;NÃO;NÃO;NÃO;NÃO;NÃO;NÃO;NÃO;NÃO;NÃO;NÃO;NÃO
2021-01-01 04:16:45.380;MUNICIPAL;ENSINO FUNDAMENTAL;220;43105548;EMEF HEITOR VILLA LOBOS                                 ;VILLA                         ;AV SANTO DIAS DA SILVA                            ;1;LOMBA DO PINHEIRO   ;91550500  ;-30.095022;-51.137694;33191413            ;emef.villalobos@smed.prefpoa.com.br               ;http://websmed.portoalegre.rs.gov.br/escolas/villalobos/                                            ;;;;9;LOMBA DO PINHEIRO/AGRONOMIA;4;LOMBA DO PINHEIRO;EM ATIVIDADE;NÃO;NÃO;NÃO;NÃO;NÃO;NÃO;NÃO;NÃO;NÃO;NÃO;NÃO;NÃO;NÃO;NÃO
2021-01-01 04:16:45.380;MUNICIPAL;ENSINO FUNDAMENTAL;221;43109217;EMEF JOÃO ANTONIO SATTE                                 ;JOÃO SATTE                    ;AV GAMAL ABDEL NASSER                             ;500;RUBEM BERTA         ;91170001  ;-29.999548;-51.092938;33675453            ;emef.joaosatte@smed.prefpoa.com.br                ;http://websmed.portoalegre.rs.gov.br/escolas/joaosatte/satte/                                       ;;;;10;NORDESTE/EIXO BALTAZAR;5;NORTE;EM ATIVIDADE;NÃO;NÃO;NÃO;NÃO;NÃO;NÃO;NÃO;NÃO;NÃO;NÃO;NÃO;NÃO;NÃO;NÃO
2021-01-01 04:16:45.380;MUNICIPAL;ENSINO FUNDAMENTAL;222;43109195;EMEF PROF ANA IRIS DO AMARAL                            ;ANA IRIS                      ;AV MARIO MENEGHETTI                               ;1000;MORRO SANTANA       ;91260190  ;-30.031062;-51.125223;33862690            ;emef.anairis@smed.prefpoa.com.br                  ;http://websmed.portoalegre.rs.gov.br/escolas/anairis/                                               ;;;;3;BOM JESUS/LESTE;3;LESTE;EM ATIVIDADE;NÃO;NÃO;NÃO;NÃO;NÃO;NÃO;NÃO;NÃO;NÃO;NÃO;NÃO;NÃO;NÃO;NÃO
2021-01-01 04:16:45.380;MUNICIPAL;ENSINO FUNDAMENTAL;223;43169490;EMEF JOSE MARIANO BECK                                  ;MARIANO                       ;AV JOAQUIM PORTO VILLANOVA                        ;135;JARDIM CARVALHO     ;91410400  ;-30.048134;-51.156208;33383985            ;emef.marianobeck@smed.prefpoa.com.br              ;http://websmed.portoalegre.rs.gov.br/escolas/mariano/                                               ;;;;3;BOM JESUS/LESTE;3;LESTE;EM ATIVIDADE;NÃO;NÃO;NÃO;NÃO;NÃO;NÃO;NÃO;NÃO;NÃO;NÃO;NÃO;NÃO;NÃO;NÃO
2021-01-01 04:16:45.380;MUNICIPAL;ENSINO FUNDAMENTAL;224;43109080;EMEF VER CARLOS PESSOA DE BRUM                          ;PESSOA DE BRUM                ;R ABOLICAO                                        ;1;RESTINGA            ;91790130  ;-30.156746;-51.135767;32501698            ;emef.pessoadebrum@smed.prefpoa.com.br             ;http://websmed.portoalegre.rs.gov.br/escolas/pessoa/                                                ;;;;7;RESTINGA/EXTREMO-SUL;8;RESTINGA;EM ATIVIDADE;NÃO;NÃO;NÃO;NÃO;NÃO;NÃO;NÃO;NÃO;NÃO;NÃO;NÃO;NÃO;NÃO;NÃO
2021-01-01 04:16:45.380;MUNICIPAL;ENSINO FUNDAMENTAL;225;43179002;EMEEF PROF ELYSEU PAGLIOLI                              ;ELYSEU PAGLIOLI               ;R BUTUI                                           ;221;CRISTAL             ;90820150  ;-30.086837;-51.238018;32414985            ;emeef.elyseupaglioli@smed.prefpoa.com.br          ;http://websmed.portoalegre.rs.gov.br/escolas/elyseu/                                                ;;;;5;GLÓRIA/CRUZEIRO/CRISTAL;11;CRISTAL;EM ATIVIDADE;NÃO;NÃO;NÃO;NÃO;SIM;NÃO;NÃO;NÃO;NÃO;NÃO;NÃO;NÃO;NÃO;NÃO
2021-01-01 04:16:45.380;MUNICIPAL;ENSINO FUNDAMENTAL;226;43109233;EMEF GABRIEL OBINO                                      ;GABRIEL OBINO                 ;AV ENG LUDOLFO BOEHL                              ;1402;CASCATA             ;91720150  ;-30.083766;-51.200002;33155928            ;emef.gabrielobino@smed.prefpoa.com.br             ;http://websmed.portoalegre.rs.gov.br/escolas/obino/                                                 ;;;;5;GLÓRIA/CRUZEIRO/CRISTAL;9;GLÓRIA;EM ATIVIDADE;NÃO;NÃO;NÃO;NÃO;NÃO;NÃO;NÃO;NÃO;NÃO;NÃO;NÃO;NÃO;NÃO;NÃO
2021-01-01 04:16:45.380;MUNICIPAL;ENSINO FUNDAMENTAL;227;43172482;EMEF VER ANTÔNIO GIÚDICE                                ;ANTÔNIO GIÚDICE               ;RUA DR CAIO BRANDÃO DE MELLO                      ;1;HUMAITÁ             ;90250110  ;-29.980423;-51.185486;33741808            ;emef.antoniogiudice@smed.prefpoa.com.br           ;http://websmed.portoalegre.rs.gov.br/escolas/giudice/                                               ;;;;1;ILHAS, HUMAITA/NAVEGANTES;1;HUMAITÁ/NAVEGANTES;EM ATIVIDADE;NÃO;NÃO;NÃO;NÃO;NÃO;NÃO;NÃO;NÃO;NÃO;NÃO;NÃO;NÃO;NÃO;NÃO
2021-01-01 04:16:45.380;MUNICIPAL;ENSINO FUNDAMENTAL;228;43109209;EMEF LAURO RODRIGUES                                    ;LAURO RODRIGUES               ;R DR MARINO ABRAHAO                               ;240;PASSO DAS PEDRAS    ;91230260  ;-30.018017;-51.123867;33481132            ;emef.laurorodrigues@smed.prefpoa.com.br           ;http://websmed.portoalegre.rs.gov.br/escolas/lauro/                                                 ;;;;2;SARANDI/NORTE;14;EIXO BALTAZAR;EM ATIVIDADE;NÃO;NÃO;NÃO;NÃO;NÃO;NÃO;NÃO;NÃO;NÃO;NÃO;NÃO;NÃO;NÃO;NÃO
2021-01-01 04:16:45.380;MUNICIPAL;ENSINO FUNDAMENTAL;229;43109144;EMEF LIDOVINO FANTON                                    ;LIDOVINO                      ;R MANOEL FARIA DA ROSA PRIMO                      ;940;RESTINGA            ;91790770  ;-30.1611;-51.1437;32501702            ;escolalidovinofanton@gmail.com                    ;http://websmed.portoalegre.rs.gov.br/escolas/lidovino/                                              ;;;;7;RESTINGA/EXTREMO-SUL;8;RESTINGA;EM ATIVIDADE;NÃO;NÃO;NÃO;NÃO;NÃO;NÃO;NÃO;NÃO;NÃO;NÃO;NÃO;NÃO;NÃO;NÃO
2021-01-01 04:16:45.380;MUNICIPAL;ENSINO FUNDAMENTAL;230;43178995;EMEEF PROF LYGIA MORRONE AVERBUCK                       ;LYGIA                         ;R SAO JOSEMARIA ESCRIVA                           ;0;JARDIM DO SALSO     ;91410000  ;-30.054371;-51.166291;33381518            ;emeef.lygiaaverbuck@smed.prefpoa.com.br           ;http://websmed.portoalegre.rs.gov.br/escolas/lygia/                                                 ;;;;3;BOM JESUS/LESTE;3;LESTE;EM ATIVIDADE;NÃO;NÃO;NÃO;NÃO;SIM;NÃO;NÃO;NÃO;NÃO;NÃO;NÃO;NÃO;NÃO;NÃO
2021-01-01 04:16:45.380;MUNICIPAL;ENSINO FUNDAMENTAL;231;43109128;EMEF DEP MARCÍRIO GOULART LOUREIRO                      ;MARCÍRIO                      ;RUA SAIBREIRA                                     ;1;CORONEL APARÍCIO BOR;91510350  ;-30.076641;-51.173593;33156069            ;emef.marcirioloureiro@smed.prefpoa.com.br         ;http://websmed.portoalegre.rs.gov.br/escolas/marcirio/                                              ;;;;4;PARTENON;7;PARTENON;EM ATIVIDADE;NÃO;NÃO;NÃO;NÃO;NÃO;NÃO;NÃO;NÃO;NÃO;NÃO;NÃO;NÃO;NÃO;NÃO
2021-01-01 04:16:45.380;MUNICIPAL;ENSINO FUNDAMENTAL;232;43109225;EMEF DEP VICTOR ISSLER                                  ;VICTOR ISSLER                 ;R DEZENOVE DE FEVEREIRO                           ;330;MARIO QUINTANA      ;91270450  ;-30.035412;-51.116866;33862097            ;emef.victorissler@smed.prefpoa.com.br             ;http://websmed.portoalegre.rs.gov.br/escolas/victor/                                                ;;;;3;BOM JESUS/LESTE;6;NORDESTE;EM ATIVIDADE;NÃO;NÃO;NÃO;NÃO;NÃO;NÃO;NÃO;NÃO;NÃO;NÃO;NÃO;NÃO;NÃO;NÃO
2021-01-01 04:16:45.380;MUNICIPAL;ENSINO FUNDAMENTAL;233;43179010;EMEEF PROF LUIZ FRANCISCO LUCENA BORGES                 ;LUCENA                        ;R CLAUDIO MANOEL DA COSTA                         ;270;JARDIM SABARÁ       ;91210250  ;-30.034029999999998;-51.146037;33383350            ;emeef.lucenaborges@smed.prefpoa.com.br            ;http://websmed.portoalegre.rs.gov.br/escolas/lucena/                                                ;;;;3;BOM JESUS/LESTE;3;LESTE;EM ATIVIDADE;NÃO;NÃO;NÃO;NÃO;SIM;NÃO;NÃO;NÃO;NÃO;NÃO;NÃO;NÃO;NÃO;NÃO
2021-01-01 04:16:45.380;MUNICIPAL;ENSINO FUNDAMENTAL;234;43172474;EMEF JEAN PIAGET                                        ;JEAN PIAGET                   ;AV MAJOR MANOEL JOSE MONTEIRO                     ;1;RUBEM BERTA         ;91170570  ;-30.004744;-51.094988;33662480            ;emef.jeanpiaget@smed.prefpoa.com.br               ;http://websmed.portoalegre.rs.gov.br/escolas/jeanpiaget                                             ;;;;10;NORDESTE/EIXO BALTAZAR;5;NORTE;EM ATIVIDADE;NÃO;NÃO;NÃO;NÃO;NÃO;NÃO;NÃO;NÃO;NÃO;NÃO;NÃO;NÃO;NÃO;NÃO
2021-01-01 04:16:45.380;MUNICIPAL;ENSINO FUNDAMENTAL;235;43172490;EMEF PROF ANÍSIO TEIXEIRA                               ;ANÍSIO                        ;RUA FRANCISCO MATTOS TERRES                       ;40;HÍPICA              ;91755070  ;-30.159502;-51.200323;32641540            ;emef.anisioteixeira@smed.prefpoa.com.br           ;http://websmed.portoalegre.rs.gov.br/escolas/anisio/                                                ;;;;6;CENTRO SUL/SUL;15;SUL;EM ATIVIDADE;NÃO;NÃO;NÃO;NÃO;NÃO;NÃO;NÃO;NÃO;NÃO;NÃO;NÃO;NÃO;NÃO;NÃO
2021-01-01 04:16:45.380;MUNICIPAL;ENSINO FUNDAMENTAL;236;43179029;EMEEF TRISTÃO SUCUPIRA VIANNA                           ;TRISTÃO                       ;AV ECON NILO WULFF                                ;955;RESTINGA            ;91790000  ;-30.150062;-51.145814;32501527            ;emeef.tristaovianna@smed.prefpoa.com.br           ;http://websmed.portoalegre.rs.gov.br/escolas/tristao/                                               ;;;;7;RESTINGA/EXTREMO-SUL;8;RESTINGA;EM ATIVIDADE;NÃO;NÃO;NÃO;NÃO;SIM;NÃO;NÃO;NÃO;NÃO;NÃO;NÃO;NÃO;NÃO;NÃO
2021-01-01 04:16:45.380;MUNICIPAL;ENSINO FUNDAMENTAL;237;43167535;EMEF SÃO PEDRO                                          ;SAO PEDRO                     ;AV DEPUTADO ADÃO PRETTO                           ;1190;LOMBA DO PINHEIRO   ;91570730  ;-30.112839;-51.101099;33191206            ;emef.saopedro@smed.prefpoa.com.br                 ;http://websmed.portoalegre.rs.gov.br/escolas/saopedro/                                              ;;;;9;LOMBA DO PINHEIRO/AGRONOMIA;4;LOMBA DO PINHEIRO;EM ATIVIDADE;NÃO;NÃO;NÃO;NÃO;NÃO;NÃO;NÃO;NÃO;NÃO;NÃO;NÃO;NÃO;NÃO;NÃO
2021-01-01 04:16:45.380;MUNICIPAL;ENSINO FUNDAMENTAL;238;43167179;EMEF SAINT HILAIRE                                      ;SAINT HILAIRE                 ;R GERVAZIO BRAGA PINHEIRO                         ;427;LOMBA DO PINHEIRO   ;91570490  ;-30.123316;-51.09774899999999;33191629            ;emef.sainthilaire@smed.prefpoa.com.br             ;http://websmed.portoalegre.rs.gov.br/escolas/sainthilaire/                                          ;;;;9;LOMBA DO PINHEIRO/AGRONOMIA;4;LOMBA DO PINHEIRO;EM ATIVIDADE;NÃO;NÃO;NÃO;NÃO;NÃO;NÃO;NÃO;NÃO;NÃO;NÃO;NÃO;NÃO;NÃO;NÃO
2021-01-01 04:16:45.380;MUNICIPAL;ENSINO FUNDAMENTAL;239;43173721;EMEF WENCESLAU FONTOURA                                 ;WENCESLAU                     ;R IRMA INES FAVERO                                ;1;MÁRIO QUINTANA      ;91250095  ;-30.026232;-51.099245;32895847            ;emef.wenceslaufontoura@smed.prefpoa.com.br        ;http://websmed.portoalegre.rs.gov.br/escolas/wenceslau/                                             ;;;;10;NORDESTE/EIXO BALTAZAR;6;NORDESTE;EM ATIVIDADE;NÃO;NÃO;NÃO;NÃO;NÃO;NÃO;NÃO;NÃO;NÃO;NÃO;NÃO;NÃO;NÃO;NÃO
2021-01-01 04:16:45.380;MUNICIPAL;ENSINO FUNDAMENTAL;240;43173713;EMEF CAMPOS DO CRISTAL                                  ;CAMPOS                        ;BC IMPERIO                                        ;75;VILA NOVA           ;91787415  ;-30.119204;-51.200836;32452077            ;emef.camposdocristal@smed.prefpoa.com.br          ;http://websmed.portoalegre.rs.gov.br/escolas/campos/                                                ;;;;6;CENTRO SUL/SUL;12;CENTRO-SUL;EM ATIVIDADE;NÃO;NÃO;NÃO;NÃO;NÃO;NÃO;NÃO;NÃO;NÃO;NÃO;NÃO;NÃO;NÃO;NÃO
2021-01-01 04:16:45.380;MUNICIPAL;ENSINO FUNDAMENTAL;241;43177018;EMEF MIGRANTES                                          ;MIGRANTES                     ;AVENIDA SEVERO DULLIUS                            ;165;ANCHIETA            ;90200310  ;-29.986893;-51.157797;33711316            ;emef.migrantes@smed.prefpoa.com.br                ;http://websmed.portoalegre.rs.gov.br/escolas/migrantes                                              ;;;;2;SARANDI/NORTE;1;HUMAITÁ/NAVEGANTES;EM ATIVIDADE;NÃO;NÃO;NÃO;NÃO;NÃO;NÃO;NÃO;NÃO;NÃO;NÃO;NÃO;NÃO;NÃO;NÃO
2021-01-01 04:16:45.380;MUNICIPAL;ENSINO FUNDAMENTAL;242;43175120;EMEF VILA MONTE CRISTO                                  ;MONTE CRISTO                  ;RUA CARLOS SUPERTI                                ;84;VILA NOVA           ;91750020  ;-30.122343;-51.217897;32464659            ;emef.montecristo@smed.prefpoa.com.br              ;http://websmed.portoalegre.rs.gov.br/escolas/montecristo/index.htm                                  ;;;;6;CENTRO SUL/SUL;12;CENTRO-SUL;EM ATIVIDADE;NÃO;NÃO;NÃO;NÃO;NÃO;NÃO;NÃO;NÃO;NÃO;NÃO;NÃO;NÃO;NÃO;NÃO
2021-01-01 04:16:45.380;MUNICIPAL;ENSINO FUNDAMENTAL;243;43177034;EMEF MORRO DA CRUZ                                      ;MORRO DA CRUZ                 ;RUA SANTA TERESA VILA SÃO JOSÉ COMUNITÁRIA        ;541;VILA SÃO JOSÉ       ;91520713  ;-30.078214;-51.160646;33181668            ;emef.morrodacruz@smed.prefpoa.com.br              ;http://websmed.portoalegre.rs.gov.br/escolas/morrodacruz/index.htm                                  ;;;;4;PARTENON;7;PARTENON;EM ATIVIDADE;NÃO;NÃO;NÃO;NÃO;NÃO;NÃO;NÃO;NÃO;NÃO;NÃO;NÃO;NÃO;NÃO;NÃO
2021-01-01 04:16:45.380;MUNICIPAL;ENSINO FUNDAMENTAL;244;43177042;EMEF NEUSA GOULART BRIZOLA                              ;NEUSA GOULART BRIZOLA         ;R MONSENHOR RUBEN NEIS                            ;430;CAVALHADA           ;91920243  ;-30.117427;-51.228305;32469999            ;emef.neusabrizola@smed.prefpoa.com.br             ;http://websmed.portoalegre.rs.gov.br/escolas/neusa/                                                 ;;;;6;CENTRO SUL/SUL;12;CENTRO-SUL;EM ATIVIDADE;NÃO;NÃO;NÃO;NÃO;NÃO;NÃO;NÃO;NÃO;NÃO;NÃO;NÃO;NÃO;NÃO;NÃO
2021-01-01 04:16:45.380;MUNICIPAL;EJA;245;43177050;EMEF PORTO ALEGRE                                       ;EPA                           ;R WASHINGTON LUIZ                                 ;203;CENTRO HISTÓRICO    ;90010160  ;-30.036346;-51.238353;32274429            ;emef.portoalegre@smed.prefpoa.com.br              ;http://websmed.portoalegre.rs.gov.br/escolas/epa/                                                   ;;;;8;CENTRO;16;CENTRO;EM ATIVIDADE;NÃO;NÃO;NÃO;NÃO;NÃO;NÃO;NÃO;NÃO;NÃO;NÃO;NÃO;NÃO;NÃO;NÃO
2021-01-01 04:16:45.380;MUNICIPAL;ENSINO FUNDAMENTAL;246;43177581;EMEF CHICO MENDES                                       ;CHICO MENDES                  ;R GENTIL AMANCIO CLEMENTE                         ;1;MORRO SANTANA       ;91270315  ;-30.032013999999997;-51.112646;33876400            ;emef.chicomendes@smed.prefpoa.com.br              ;http://websmed.portoalegre.rs.gov.br/escolas/chico/                                                 ;;;;3;BOM JESUS/LESTE;6;NORDESTE;EM ATIVIDADE;NÃO;NÃO;NÃO;NÃO;NÃO;NÃO;NÃO;NÃO;NÃO;NÃO;NÃO;NÃO;NÃO;NÃO
2021-01-01 04:16:45.380;MUNICIPAL;ENSINO FUNDAMENTAL;247;43183018;EMEF MARIO QUINTANA                                     ;MARIO QUINTANA                ;R C VILA CASTELO                                  ;1;RESTINGA            ;91790200  ;-30.154052;-51.132133;32505021            ;emef.marioquintana@smed.prefpoa.com.br            ;http://websmed.portoalegre.rs.gov.br/escolas/quintana/                                              ;;;;7;RESTINGA/EXTREMO-SUL;8;RESTINGA;EM ATIVIDADE;NÃO;NÃO;NÃO;NÃO;NÃO;NÃO;NÃO;NÃO;NÃO;NÃO;NÃO;NÃO;NÃO;NÃO
2021-01-01 04:16:45.380;MUNICIPAL;ENSINO FUNDAMENTAL;248;43187560;EMEF CHAPÉU DO SOL                                      ;CHAPÉU DO SOL                 ;AV JUCA BATISTA                                   ;0;CHAPÉU DO SOL       ;91786300  ;-30.165145999999996;-51.162268;32683318            ;emef.chapeudosol@smed.prefpoa.com.br              ;http://websmed.portoalegre.rs.gov.br/escolas/chapeu/                                                ;;;;7;RESTINGA/EXTREMO-SUL;13;EXTREMO SUL;EM ATIVIDADE;NÃO;NÃO;NÃO;NÃO;NÃO;NÃO;NÃO;NÃO;NÃO;NÃO;NÃO;NÃO;NÃO;NÃO
2021-01-01 04:16:45.380;MUNICIPAL;ENSINO FUNDAMENTAL;249;43189253;EMEF TIMBAÚVA                                           ;TIMBAÚVA                      ;R SEIS                                            ;0;MÁRIO QUINTANA      ;91250000  ;-30.021697;-51.095315;33685355            ;emef.timbauva@smed.prefpoa.com.br                 ;http://websmed.portoalegre.rs.gov.br/escolas/timbauva/                                              ;;;;10;NORDESTE/EIXO BALTAZAR;6;NORDESTE;EM ATIVIDADE;NÃO;NÃO;NÃO;NÃO;NÃO;NÃO;NÃO;NÃO;NÃO;NÃO;NÃO;NÃO;NÃO;NÃO
2021-01-01 04:16:45.380;MUNICIPAL;ENSINO FUNDAMENTAL;250;43204643;EMEF NOSSA SENHORA DO CARMO                             ;N Sª DO CARMO                 ;R BISPO MARINO PRUDENCIO MOREIRA                  ;95;RESTINGA            ;91790206  ;-30.145269;-51.127824;32614364            ;emefdocarmo@hotmail.com                           ;http://websmed.portoalegre.rs.gov.br/escolas/carmo                                                  ;;;;7;RESTINGA/EXTREMO-SUL;8;RESTINGA;EM ATIVIDADE;NÃO;NÃO;NÃO;NÃO;NÃO;NÃO;NÃO;NÃO;NÃO;NÃO;NÃO;NÃO;NÃO;NÃO
2021-01-01 04:16:45.380;MUNICIPAL;ENSINO FUNDAMENTAL;251;43241000;EMEF DE SURDOS BILINGUE SALOMÃO WATNICK                 ;SALOMÃO WATNICK               ;R CAPITAO PEDRO WERLANG                           ;1011;PARTENON            ;91530110  ;-30.063525;-51.152634;33881125            ;salomao@pmpa.ad                                   ;http://websmed.portoalegre.rs.gov.br/escolas/salomaowatnick/                                        ;;;;4;PARTENON;7;PARTENON;EM ATIVIDADE;NÃO;NÃO;NÃO;NÃO;NÃO;NÃO;NÃO;NÃO;NÃO;NÃO;NÃO;NÃO;NÃO;NÃO
2021-01-01 04:16:45.380;MUNICIPAL;ENSINO FUNDAMENTAL;252;43293050;EMEF RINCÃO                                             ;RINCÃO                        ;BC UM RUA LUIZ OTAVIO                             ;347;BELÉM VELHO         ;91787331  ;-30.118968;-51.160911;32895831            ;emef.rincao@smed.prefpoa.com.br                   ;http://websmed.portoalegre.rs.gov.br/escolas/rincao/                                                ;;;;5;GLÓRIA/CRUZEIRO/CRISTAL;9;GLÓRIA;EM ATIVIDADE;NÃO;NÃO;NÃO;NÃO;NÃO;NÃO;NÃO;NÃO;NÃO;NÃO;NÃO;NÃO;NÃO;NÃO
2021-01-01 04:16:45.380;MUNICIPAL;ENSINO FUNDAMENTAL;253;43293069;EMEF MORADAS DA HÍPICA                                  ;HÍPICA                        ;R GERALDO TOLLENS LINCK                           ;0;HÍPICA              ;91787214  ;-30.159039;-51.171096999999996;33122426            ;moradasdahipica@gmail.com                         ;http://websmed.portoalegre.rs.gov.br/escolas/moradasdahipica/index.htm                              ;;;;7;RESTINGA/EXTREMO-SUL;15;SUL;EM ATIVIDADE;NÃO;NÃO;NÃO;NÃO;NÃO;NÃO;NÃO;NÃO;NÃO;NÃO;NÃO;NÃO;NÃO;NÃO
2021-01-01 04:16:45.380;MUNICIPAL;ENSINO FUNDAMENTAL;254;43048200;EMEF PORTO NOVO                                         ;EMEF PORTO NOVO               ;RUA AMELIA SANTINI FORTUNATI                      ;101;SANTA ROSA DE LIMA  ;91160810  ;-30.000227;-51.107264;33810112            ;portonovo@smed.prefpoa.com.br                     ;                                                                                                    ;;;;2;SARANDI/NORTE;5;NORTE;EM ATIVIDADE;NÃO;NÃO;NÃO;NÃO;NÃO;NÃO;NÃO;NÃO;NÃO;NÃO;NÃO;NÃO;NÃO;NÃO
2021-01-01 04:16:45.380;MUNICIPAL;EDUCAÇÃO INFANTIL, ENSINO FUNDAMENTAL, ENSINO MÉDIO, NORMAL/MAGISTÉRIO;301;43105246;EMEM EMÍLIO MEYER                                       ;EMÍLIO MEYER                  ;AV NITEROI                                        ;472;MEDIANEIRA          ;90880270  ;-30.0692642;-51.2079796;32192608            ;emem.emiliomeyer@smed.prefpoa.com.br              ;www.emiliomeyer.com                                                                                 ;;;;5;GLÓRIA/CRUZEIRO/CRISTAL;10;CRUZEIRO;EM ATIVIDADE;NÃO;NÃO;NÃO;NÃO;NÃO;NÃO;NÃO;NÃO;NÃO;NÃO;NÃO;NÃO;NÃO;NÃO
2021-01-01 04:16:45.380;MUNICIPAL;EJA;401;43177000;CMET PAULO FREIRE                                       ;CMET                          ;R SANTA TEREZINHA                                 ;572;SANTANA             ;90040180  ;-30.041977;-51.209679;32250804            ;cmet.paulofreire@smed.prefpoa.com.br              ;http://websmed.portoalegre.rs.gov.br/escolas/cmet/                                                  ;;;;8;CENTRO;16;CENTRO;EM ATIVIDADE;NÃO;NÃO;NÃO;NÃO;NÃO;NÃO;NÃO;NÃO;NÃO;NÃO;NÃO;NÃO;NÃO;NÃO
2021-01-01 04:16:45.380;PRIVADO;NI;5001;43190499;5001 IEI MÃEZINHA DO CÉU                                ;5001 MÃEZINHA DO CÉU          ;R VINTE CINCO DE OUTUBRO                          ;295;SARANDI             ;91140500  ;-29.9842836;-51.1213051;33668700            ;crechemaezinhadoceu@bol.com.br                    ;                                                                                                    ;;;;2;SARANDI/NORTE;5;NORTE;EM ATIVIDADE;SIM;NÃO;NÃO;NÃO;NÃO;NÃO;SIM;NÃO;NÃO;NÃO;SIM;NÃO;NÃO;SIM
2021-01-01 04:16:45.380;PRIVADO;NI;5002;43190456;5002 IEI JOÃO PAULO II                                  ;5002 JOÃO PAULO II            ;R FREDERICO MENTZ                                 ;118;FARRAPOS            ;90250370  ;-29.9784852;-51.1964513;33742675            ;CRECHEJOAOPAULOLL@YAHOO.COM.BR                    ;                                                                                                    ;;;;1;ILHAS, HUMAITA/NAVEGANTES;1;HUMAITÁ/NAVEGANTES;EM ATIVIDADE;SIM;NÃO;NÃO;NÃO;NÃO;NÃO;NÃO;SIM;SIM;NÃO;NÃO;NÃO;NÃO;SIM
2021-01-01 04:16:45.380;PRIVADO;NI;5003;43185304;5003 EEI ESTRELINHA DO CÉU                              ;5003 ESTRELINHA DO CÉU        ;R ULYSSES DE ALENCASTRO BRANDAO                   ;205;SARANDI             ;91140400  ;-29.9896111;-51.1196226;33645165            ;creche.estrelinha@hotmail.com                     ;                                                                                                    ;;;;2;SARANDI/NORTE;5;NORTE;EM ATIVIDADE;SIM;NÃO;NÃO;NÃO;NÃO;NÃO;SIM;NÃO;NÃO;NÃO;SIM;NÃO;NÃO;SIM
2021-01-01 04:16:45.380;PRIVADO;NI;5004;43185495;5004 EEI ESTRELINHA DO AMANHÃ                           ;5004 ESTRELINHA DO AMANHÃ     ;AV DONARIO BRAGA                                  ;159;RUBEM BERTA         ;91160360  ;-29.99812;-51.0998618;33340223            ;rosemarycentena@hotmail.com                       ;                                                                                                    ;;;;2;SARANDI/NORTE;5;NORTE;EM ATIVIDADE;SIM;NÃO;NÃO;NÃO;NÃO;NÃO;SIM;NÃO;NÃO;NÃO;SIM;NÃO;NÃO;SIM
2021-01-01 04:16:45.380;PRIVADO;NI;5005;43189075;5005 IEI VILA UNIÃO                                     ;5005 VILA UNIÃO               ;AV VINTE UM DE ABRIL                              ;1470;SARANDI             ;91120630  ;-29.9794081;-51.1299406;33644456            ;clube.uniao@terra.com.br                          ;                                                                                                    ;;;;2;SARANDI/NORTE;5;NORTE;EM ATIVIDADE;SIM;NÃO;NÃO;NÃO;NÃO;NÃO;SIM;NÃO;NÃO;NÃO;SIM;NÃO;NÃO;SIM
2021-01-01 04:16:45.380;PRIVADO;NI;5006;43189059;5006 EEI TRENZINHO DA ALEGRIA                           ;5006 TRENZINHO DA ALEGRIA     ;R SENHOR DO BOM FIM                               ;956;SARANDI             ;91140380  ;-29.985650999999997;-51.1152988;33655844            ;e.eita@ig.com.br                                  ;                                                                                                    ;;;;2;SARANDI/NORTE;5;NORTE;EM ATIVIDADE;SIM;NÃO;NÃO;NÃO;NÃO;NÃO;SIM;NÃO;NÃO;NÃO;SIM;NÃO;NÃO;SIM
2021-01-01 04:16:45.380;PRIVADO;NI;5007;43185398;5007 IEI EUGÊNIA CONTE                                  ;5007 EUGENIA CONTE            ;RUA K                                             ;120;RUBEM BERTA         ;91160170  ;-29.9943402;-51.1057893;33673267            ;CIEC.SECRETARIA@GMAIL.COM                         ;                                                                                                    ;;;;2;SARANDI/NORTE;5;NORTE;EM ATIVIDADE;SIM;NÃO;NÃO;NÃO;NÃO;NÃO;NÃO;SIM;SIM;NÃO;NÃO;NÃO;NÃO;SIM
2021-01-01 04:16:45.380;PRIVADO;NI;5008;43189024;5008 EEI  JOANA D'ARC                                   ;5008 JOANA DARC               ;R VINTE QUATRO DE AGOSTO VL MINUANO               ;375;SARANDI             ;91110560  ;-29.9908941;-51.137896299999994;33508487            ;escola_joanadarc@hotmail.com                      ;                                                                                                    ;;;;2;SARANDI/NORTE;5;NORTE;EM ATIVIDADE;SIM;NÃO;NÃO;NÃO;NÃO;NÃO;SIM;NÃO;NÃO;NÃO;SIM;NÃO;NÃO;SIM
2021-01-01 04:16:45.380;PRIVADO;NI;5009;43188141;5009 IEI SANTA CATARINA                                 ;5009 SANTA CATARINA           ;R JOSUE DE CASTRO                                 ;290;SARANDI             ;91120110  ;-29.978445;-51.1369299;33658244            ;SANTACATARINA290@HOTMAIL.COM                      ;                                                                                                    ;;;;2;SARANDI/NORTE;5;NORTE;EM ATIVIDADE;SIM;NÃO;NÃO;NÃO;NÃO;NÃO;SIM;NÃO;NÃO;NÃO;NÃO;NÃO;NÃO;SIM
2021-01-01 04:16:45.380;PRIVADO;NI;5010;43190588;5010 IEI ACOMPAR NUCLEO II - SANTO AGOSTINHO            ;5010 ACOMPAR - II             ;AV CALDEIA                                        ;210;SARANDI             ;91130540  ;-29.9854438;-51.1084677;34145931            ;NUCLEO2@ACOMPAR.ORG                               ;                                                                                                    ;;;;2;SARANDI/NORTE;5;NORTE;EM ATIVIDADE;SIM;NÃO;NÃO;NÃO;NÃO;NÃO;SIM;NÃO;SIM;NÃO;NÃO;NÃO;NÃO;SIM
2021-01-01 04:16:45.380;PRIVADO;NI;5012;43190685;5012 EEI JESUS O BOM PASTOR                             ;5012 JESUS O BOM PASTOR       ;R DONA TEODORA                                    ;160;FARRAPOS            ;90240300  ;-29.9888326;-51.2020304;30241793            ;comulherliberdade@gmail.com                       ;                                                                                                    ;;;;1;ILHAS, HUMAITA/NAVEGANTES;1;HUMAITÁ/NAVEGANTES;EM ATIVIDADE;SIM;NÃO;NÃO;NÃO;NÃO;NÃO;SIM;NÃO;NÃO;NÃO;SIM;NÃO;NÃO;SIM
2021-01-01 04:16:45.380;PRIVADO;NI;5013;43185410;5013 IEI SANTA LUIZA                                    ;5013 SANTA LUIZA              ;R IRMA MARIA JOSE TREVISAN                        ;30;FARRAPOS            ;90250430  ;-29.9801785;-51.1944606;33744986            ;obrasocialsluiza@gmail.com                        ;                                                                                                    ;;;;1;ILHAS, HUMAITA/NAVEGANTES;1;HUMAITÁ/NAVEGANTES;EM ATIVIDADE;SIM;NÃO;NÃO;NÃO;NÃO;NÃO;NÃO;SIM;SIM;NÃO;NÃO;NÃO;NÃO;SIM
2021-01-01 04:16:45.380;PRIVADO;NI;5016;43187820;5016 IEI OSICOM I                                       ;5016 OSICOM I                 ;R JOSEFA BARRETO                                  ;302;PASSO DAS PEDRAS    ;91230080  ;-30.0163844;-51.1266233;33445159            ;osicomimc@gmail.com                               ;                                                                                                    ;;;;10;NORDESTE/EIXO BALTAZAR;14;EIXO BALTAZAR;EM ATIVIDADE;SIM;NÃO;NÃO;NÃO;NÃO;NÃO;NÃO;SIM;SIM;NÃO;NÃO;NÃO;NÃO;SIM
2021-01-01 04:16:45.380;PRIVADO;NI;5017;43185525;5017 EEI NEGRINHO DO PASTOREIO                          ;5017 NEGRINHO DO PASTOREIO    ;R WOLFRAM METZLER                                 ;21;RUBEM BERTA         ;91250320  ;-30.0230287;-51.1066541;33665808            ;escolanegrinhopastoreio@gmail.com                 ;                                                                                                    ;;;;10;NORDESTE/EIXO BALTAZAR;14;EIXO BALTAZAR;EM ATIVIDADE;SIM;NÃO;NÃO;NÃO;NÃO;NÃO;SIM;NÃO;NÃO;NÃO;SIM;NÃO;NÃO;SIM
2021-01-01 04:16:45.380;PRIVADO;NI;5018;43188559;5018 IEI ESPERANÇA CORDEIRO                             ;5018 ESPERANÇA CORDEIRO       ;R JULIO STREGUE                                   ;55;COSTA E SILVA       ;91180030  ;-29.9947196;-51.1300714;33488086            ;ieiesperancacordeiro@gmail.com                    ;                                                                                                    ;;;;10;NORDESTE/EIXO BALTAZAR;14;EIXO BALTAZAR;EM ATIVIDADE;SIM;NÃO;NÃO;NÃO;NÃO;NÃO;SIM;NÃO;NÃO;NÃO;SIM;NÃO;NÃO;SIM
2021-01-01 04:16:45.380;PRIVADO;NI;5019;43185266;5019 IEI VOVÔ CAZEMIRO - CM CRUZEIRO                    ;5019 VOVÔ CAZEMIRO            ;RUA CRUZEIRO DO SUL                               ;2702;SANTA TEREZA        ;90840000  ;-30.0844793;-51.2301529;32666200            ;tgutterres@acm-rs.com.br                          ;                                                                                                    ;;;;5;GLÓRIA/CRUZEIRO/CRISTAL;10;CRUZEIRO;EM ATIVIDADE;SIM;NÃO;NÃO;NÃO;NÃO;NÃO;NÃO;NÃO;SIM;NÃO;NÃO;NÃO;NÃO;SIM
2021-01-01 04:16:45.380;PRIVADO;NI;5020;43185541;5020 EEI MADRE TERESA                                   ;5020 MADRE TERESA             ;R WOLFRAM METZLER                                 ;605;RUBEM BERTA         ;91250320  ;-30.0245675;-51.1034946;33663177            ;iemadreteresa@gmail.com                           ;                                                                                                    ;;;;10;NORDESTE/EIXO BALTAZAR;14;EIXO BALTAZAR;EM ATIVIDADE;SIM;NÃO;NÃO;NÃO;NÃO;NÃO;NÃO;NÃO;SIM;NÃO;NÃO;NÃO;NÃO;SIM
2021-01-01 04:16:45.380;PRIVADO;NI;5021;43185363;5021 EEI GALPÃOZINHO                                    ;5021 GALPAOZINHO              ;R DONA BECA                                       ;120;RUBEM BERTA         ;91150000  ;-30.0002273;-51.1072645;33741768            ;crechegalpaozinho@gmail.com                       ;                                                                                                    ;;;;5;GLÓRIA/CRUZEIRO/CRISTAL;5;NORTE;EM ATIVIDADE;SIM;NÃO;NÃO;NÃO;NÃO;NÃO;SIM;NÃO;NÃO;NÃO;SIM;NÃO;NÃO;SIM
2021-01-01 04:16:45.380;PRIVADO;NI;5023;43190618;5023 EEI VO ANA                                         ;5023 VO ANA                   ;R JOSE LUIZ MARTINS COSTA                         ;200;MÁRIO QUINTANA      ;91250330  ;-30.0248097;-51.0997214;996071073           ;escolavoana@yahoo.com.br                          ;                                                                                                    ;;;;10;NORDESTE/EIXO BALTAZAR;6;NORDESTE;EM ATIVIDADE;SIM;NÃO;NÃO;NÃO;NÃO;NÃO;SIM;NÃO;NÃO;NÃO;SIM;NÃO;NÃO;SIM
2021-01-01 04:16:45.380;PRIVADO;NI;5024;43185169;5024 IEI LAR DA CRIANÇA MENINO JESUS DE PRAGA           ;5024 MENINO JESUS DE PRAGA    ;R WOLFRAM METZLER                                 ;334;RUBEM BERTA         ;91250320  ;-30.0235552;-51.1047559;33664599            ;larmjpraga@terra.com.br                           ;http://www.larmeninojesus.com.br/                                                                   ;;;;10;NORDESTE/EIXO BALTAZAR;14;EIXO BALTAZAR;EM ATIVIDADE;SIM;NÃO;NÃO;NÃO;NÃO;NÃO;SIM;NÃO;NÃO;NÃO;SIM;NÃO;NÃO;SIM
2021-01-01 04:16:45.380;PRIVADO;NI;5026;43185568;5026 IEI CRIANÇA ESPERANÇA                              ;5026 CRIANÇA ESPERANÇA        ;R JOAO BRAVO DE ALMEIDA                           ;101;SARANDI             ;91180035  ;-30.0084627;-51.1237528;33484428            ;associacao.instituicao@gmail.com                  ;                                                                                                    ;;;;10;NORDESTE/EIXO BALTAZAR;5;NORTE;EM ATIVIDADE;SIM;NÃO;NÃO;NÃO;NÃO;NÃO;SIM;NÃO;NÃO;NÃO;SIM;NÃO;NÃO;SIM
2021-01-01 04:16:45.380;PRIVADO;NI;5027;43185320;5027 IEI GIRASSOL                                       ;5027 GIRASSOL                 ;R WOLFRAM METZLER                                 ;567;RUBEM BERTA         ;91250320  ;-30.0245367;-51.1031299;33660296            ;clubedemaesrubemberta2@yahoo.com.br               ;                                                                                                    ;;;;10;NORDESTE/EIXO BALTAZAR;14;EIXO BALTAZAR;EM ATIVIDADE;SIM;NÃO;NÃO;NÃO;NÃO;NÃO;SIM;NÃO;NÃO;NÃO;SIM;NÃO;NÃO;SIM
2021-01-01 04:16:45.380;PRIVADO;NI;5028;43187862;5028 EEI SÃO VICENTE DE PAULO                           ;5028 CASA CRIANÇA SÃO VICENTE ;R PEDRO RAUPP                                     ;160;JARDIM ITU          ;91225080  ;-30.0228461;-51.133181199999996;30721754            ;escola_svp@yahoo.com.br                           ;                                                                                                    ;;;;10;NORDESTE/EIXO BALTAZAR;2;NOROESTE;EM ATIVIDADE;SIM;NÃO;NÃO;NÃO;NÃO;NÃO;NÃO;SIM;NÃO;NÃO;NÃO;NÃO;NÃO;SIM
2021-01-01 04:16:45.380;PRIVADO;NI;5029;43184960;5029 EEI CANTINHO DOS PIAS                              ;5029 CANTINHO DOS PIÁS        ;R THOMAZ FRANCISCO DE JESUS                       ;412;JARDIM CARVALHO     ;91430750  ;-30.0499294;-51.1462807;33387776            ;cantinhodospias@hotmail.com                       ;                                                                                                    ;;;;3;BOM JESUS/LESTE;3;LESTE;EM ATIVIDADE;SIM;NÃO;NÃO;NÃO;NÃO;NÃO;SIM;NÃO;NÃO;NÃO;SIM;NÃO;NÃO;SIM
2021-01-01 04:16:45.380;PRIVADO;NI;5030;43185371;5030 EEI TRÊS CORAÇÕES                                  ;5030.TRÊS CORAÇÕES            ;R DEZESSEIS VILA MATO SAMPAIO                     ;623;BOM JESUS           ;91420620  ;-30.047757;-51.1623576;33873108            ;creche3coracoes@gmail.com                         ;                                                                                                    ;;;;3;BOM JESUS/LESTE;3;LESTE;EM ATIVIDADE;SIM;NÃO;NÃO;NÃO;NÃO;NÃO;SIM;NÃO;NÃO;NÃO;SIM;NÃO;NÃO;SIM
2021-01-01 04:16:45.380;PRIVADO;NI;5031;43190316;5031 IEI TIA ROSA                                       ;5031 TIA ROSA                 ;R CINCO VILA VALNERI ANTUNES                      ;10;MÁRIO QUINTANA      ;91260350  ;-30.0301658;-51.109467599999995;33380586            ;crechetiarosa.valneriantunes@gmail.com            ;                                                                                                    ;;;;10;NORDESTE/EIXO BALTAZAR;6;NORDESTE;EM ATIVIDADE;SIM;NÃO;NÃO;NÃO;NÃO;NÃO;SIM;NÃO;NÃO;NÃO;SIM;NÃO;NÃO;SIM
2021-01-01 04:16:45.380;PRIVADO;NI;5032;43190650;5032 IEI JERUSALÉM   BEITH SHALOM                       ;5032 JERUSALÉM-BEITH SHALOM   ;AV VITORIA                                        ;35;PASSO DAS PEDRAS    ;91225040  ;-30.028367;-51.129723;33506739            ;diretoria.principedapaz@gmail.com                 ;                                                                                                    ;;;;10;NORDESTE/EIXO BALTAZAR;14;EIXO BALTAZAR;EM ATIVIDADE;SIM;NÃO;NÃO;NÃO;NÃO;NÃO;SIM;NÃO;NÃO;NÃO;SIM;NÃO;NÃO;SIM
2021-01-01 04:16:45.380;PRIVADO;NI;5033;43190383;5033 IEI ALAN MARIA TEREZA                              ;5033 TIA MARIA TEREZA         ;AV DEZ DE MAIO                                    ;265;PASSO DAS PEDRAS    ;91230480  ;-30.023148099999997;-51.122773599999995;33476431            ;alanmariatereza@gmail.com                         ;                                                                                                    ;;;;10;NORDESTE/EIXO BALTAZAR;14;EIXO BALTAZAR;EM ATIVIDADE;SIM;NÃO;NÃO;NÃO;NÃO;NÃO;SIM;NÃO;NÃO;NÃO;SIM;NÃO;NÃO;SIM
2021-01-01 04:16:45.380;PRIVADO;NI;5034;43187471;5034 IEI ALAN BOM JESUS                                 ;5034 ALAN                     ;R PANAMA                                          ;324;BOM JESUS           ;91420200  ;-30.0456783;-51.1578594;33348727            ;ong.ligadeamparo@hotmail.com                      ;                                                                                                    ;;;;3;BOM JESUS/LESTE;3;LESTE;EM ATIVIDADE;SIM;NÃO;NÃO;NÃO;NÃO;NÃO;SIM;NÃO;NÃO;NÃO;SIM;NÃO;NÃO;SIM
2021-01-01 04:16:45.380;PRIVADO;NI;5035;43185274;5035 EEI NOSSA SENHORA APARECIDA VILA PINTO             ;5035 NOSSA SENHORA APARECIDA  ;R J VILA FATIMA-PINTO                             ;220;BOM JESUS           ;91420120  ;-30.0501193;-51.1544744;30267499            ;crechensaparecida@terra.com.br                    ;                                                                                                    ;;;;3;BOM JESUS/LESTE;3;LESTE;EM ATIVIDADE;SIM;NÃO;NÃO;NÃO;NÃO;NÃO;SIM;NÃO;NÃO;NÃO;SIM;NÃO;NÃO;SIM
2021-01-01 04:16:45.380;PRIVADO;NI;5036;43189032;5036 EEI MUNDO CRIANÇA                                  ;5036 MUNDO CRIANÇA            ;RUA 4                                             ;62;MORRO SANTANA       ;91450430  ;-30.0455451;-51.1268365;33670114            ;mundocrianca2011@hotmail.com                      ;                                                                                                    ;;;;3;BOM JESUS/LESTE;3;LESTE;EM ATIVIDADE;SIM;NÃO;NÃO;NÃO;NÃO;NÃO;SIM;NÃO;NÃO;NÃO;SIM;NÃO;NÃO;SIM
2021-01-01 04:16:45.380;PRIVADO;NI;5037;43185355;5037 IEI AELCA                                          ;5037 AELCA                    ;R GEN SALVADOR PINHEIRO                           ;799;VILA JARDIM         ;91320240  ;-30.0373761;-51.1505003;33346222            ;aelca@uol.com.br                                  ;                                                                                                    ;;;;3;BOM JESUS/LESTE;3;LESTE;EM ATIVIDADE;SIM;NÃO;NÃO;NÃO;NÃO;NÃO;NÃO;SIM;SIM;NÃO;NÃO;NÃO;NÃO;SIM
2021-01-01 04:16:45.380;PRIVADO;NI;5038;43185070;5038 IEI NOSSA SENHORA DE FÁTIMA -BOM JESUS             ;5038 N S FATIMA BOM JESUS     ;R OITO VILA MATO SAMPAIO                          ;32;BOM JESUS           ;91420591  ;-30.0495658;-51.1600356;33816659            ;instituicaonossasenhoradefatima@hotmail.com       ;                                                                                                    ;;;;3;BOM JESUS/LESTE;3;LESTE;EM ATIVIDADE;SIM;NÃO;NÃO;NÃO;NÃO;NÃO;SIM;NÃO;NÃO;NÃO;SIM;NÃO;NÃO;SIM
2021-01-01 04:16:45.380;PRIVADO;NI;5040;43190014;5040 IEI SAGRADA FAMÍLIA                                ;5040 SAGRADA FAMÍLIA          ;RUA 05 V. LARANJEIRAS                             ;174;MORRO SANTANA       ;91310001  ;-30.0465594;-51.1293932;984752598           ;lorecinead@hotmail.com                            ;                                                                                                    ;;;;3;BOM JESUS/LESTE;3;LESTE;EM ATIVIDADE;SIM;NÃO;NÃO;NÃO;NÃO;NÃO;SIM;NÃO;NÃO;NÃO;SIM;NÃO;NÃO;SIM
2021-01-01 04:16:45.380;PRIVADO;NI;5041;43185045;5041 EEI MENSAGEIROS DA LUZ                             ;41 LAR DO MENOR MENSAGEIROS DA;TRAV. CEL ANTONIO CARNEIRO PINTO                  ;195;PETRÓPOLIS          ;90460020  ;-30.0396671;-51.1854302;33352849            ;mensageirosdaluz1976@hotmail.com                  ;                                                                                                    ;;;;8;CENTRO;16;CENTRO;EM ATIVIDADE;SIM;NÃO;NÃO;NÃO;NÃO;NÃO;SIM;NÃO;NÃO;NÃO;SIM;NÃO;NÃO;SIM
2021-01-01 04:16:45.380;PRIVADO;NI;5042;43185517;5042 IEI PIU PIU                                        ;5042 PIU PIU                  ;R JACINTO GOMES                                   ;683;SANTANA             ;90040270  ;-30.0439076;-51.2091099;30296737            ;CRECHEVILAPLANETARIO@GMAIL.COM                    ;                                                                                                    ;;;;8;CENTRO;16;CENTRO;EM ATIVIDADE;SIM;NÃO;NÃO;NÃO;NÃO;NÃO;SIM;NÃO;NÃO;NÃO;SIM;NÃO;NÃO;SIM
2021-01-01 04:16:45.380;PRIVADO;NI;5043;43189067;5043 IEI LUPICINIO RODRIGUES                            ;5043 LUPICINIO RODRIGUES      ;R ALMIRANTE ALVARO A DA MOTTA E SILVA             ;200;MENINO DEUS         ;90160130  ;-30.0449969;-51.2202849;32110416            ;lupi@cepa.org.br                                  ;                                                                                                    ;;;;8;CENTRO;16;CENTRO;EM ATIVIDADE;SIM;NÃO;NÃO;NÃO;NÃO;NÃO;NÃO;NÃO;SIM;NÃO;SIM;NÃO;NÃO;NÃO
2021-01-01 04:16:45.380;PRIVADO;NI;5044;43187609;5044 EEI CASA DO PEQUENINO                              ;5044 CASA DO PEQUENINO        ;AV AZENHA                                         ;366;AZENHA              ;90160004  ;-30.0469886;-51.2136191;32230043            ;casapequenino@gmail.com                           ;                                                                                                    ;;;;8;CENTRO;16;CENTRO;EM ATIVIDADE;SIM;NÃO;NÃO;NÃO;NÃO;NÃO;NÃO;SIM;SIM;NÃO;NÃO;NÃO;NÃO;SIM
2021-01-01 04:16:45.380;PRIVADO;NI;5045;43190120;5045 EEI SOMAI                                          ;5045 SOMAI LAR DAS MENINAS    ;R BOM JESUS                                       ;610;BOM JESUS           ;91420030  ;-30.0436105;-51.1509089;33343312            ;creche.somai@yahoo.com.br                         ;                                                                                                    ;;;;3;BOM JESUS/LESTE;3;LESTE;EM ATIVIDADE;SIM;NÃO;NÃO;NÃO;NÃO;NÃO;NÃO;SIM;NÃO;NÃO;NÃO;NÃO;NÃO;SIM
2021-01-01 04:16:45.380;PRIVADO;NI;5046;43190707;5046 IEI NSA SRA DE FÁTIMA NOVO MUNDO                   ;5046 N S FATIMA NOVO MUNDO    ;AV MARTIM FELIX BERTA                             ;2575;RUBEM BERTA         ;91270650  ;-30.031179;-51.1135289;33876460            ;clubedemaess@terra.com.br                         ;                                                                                                    ;;;;10;NORDESTE/EIXO BALTAZAR;6;NORDESTE;EM ATIVIDADE;SIM;NÃO;NÃO;NÃO;NÃO;NÃO;SIM;NÃO;NÃO;NÃO;SIM;NÃO;NÃO;SIM
2021-01-01 04:16:45.380;PRIVADO;NI;5048;43108865;5048 IEI HELOISA BECKER                                 ;5048 HELOISA BECKER           ;R SAO MANOEL                                      ;1909;RIO BRANCO          ;90620110  ;-30.0500031;-51.2006183;32233714            ;infantillar@hotmail.com                           ;                                                                                                    ;;;;8;CENTRO;16;CENTRO;EM ATIVIDADE;SIM;NÃO;NÃO;NÃO;NÃO;NÃO;SIM;NÃO;SIM;NÃO;SIM;NÃO;NÃO;SIM
2021-01-01 04:16:45.380;PRIVADO;NI;5049;43184979;5049 IEI BRINCANDO DE CIRANDA                           ;5049 BRINCANDO DE CIRANDA     ;R JOSE MADRID                                     ;736;JARDIM CARVALHO     ;91430580  ;-30.0492423;-51.1509889;33814301            ;brincandodeciranda@bol.com.br                     ;                                                                                                    ;;;;3;BOM JESUS/LESTE;3;LESTE;EM ATIVIDADE;SIM;NÃO;NÃO;NÃO;NÃO;NÃO;SIM;NÃO;NÃO;NÃO;SIM;NÃO;NÃO;SIM
2021-01-01 04:16:45.380;PRIVADO;NI;5050;43190391;5050 EEI NSA SRA APARECIDA SÃO PEDRO                    ;5050 NOSSA SENHORA APARECIDA  ;AV IPIRANGA                                       ;5229;PRAIA DE BELAS      ;90160092  ;-30.056813;-51.1869432;33223047            ;criancasaopedro@bol.com.br                        ;                                                                                                    ;;;;4;PARTENON;7;PARTENON;EM ATIVIDADE;SIM;NÃO;NÃO;NÃO;NÃO;NÃO;SIM;NÃO;NÃO;NÃO;SIM;NÃO;NÃO;SIM
2021-01-01 04:16:45.380;PRIVADO;NI;5051;43185088;5051 EEI TURMA DO BARULHO                               ;5051 TURMA DO BARULHO         ;R TANAUI DA SILVA BOEIRA                          ;209;LOMBA DO PINHEIRO   ;91570440  ;-30.1227998;-51.1027429;30265796            ;ascovipa2008@gmail.com                            ;                                                                                                    ;;;;9;LOMBA DO PINHEIRO/AGRONOMIA;4;LOMBA DO PINHEIRO;EM ATIVIDADE;SIM;NÃO;NÃO;NÃO;NÃO;NÃO;SIM;NÃO;NÃO;NÃO;SIM;NÃO;NÃO;SIM
2021-01-01 04:16:45.380;PRIVADO;NI;5052;43190049;5052 EEI SÃO PEDRO                                      ;5052 SÃO PEDRO                ;RUA PADRE ROQUE GONZALES                          ;315;LOMBA DO PINHEIRO   ;91570170  ;-30.1155737;-51.511019681;31784511            ;ed.infantilsaopedro@gmail.com                     ;                                                                                                    ;;;;9;LOMBA DO PINHEIRO/AGRONOMIA;4;LOMBA DO PINHEIRO;EM ATIVIDADE;SIM;NÃO;NÃO;NÃO;NÃO;NÃO;SIM;NÃO;NÃO;NÃO;SIM;NÃO;NÃO;SIM
2021-01-01 04:16:45.380;PRIVADO;NI;5053;43185312;5053 IEI BALÃO MÁGICO                                   ;5053 BALÃO MÁGICO             ;RUA RIO NEGRO - LOMBA DO PINHEIRO                 ;59;LOMBA DO PINHEIRO   ;91570330  ;-30.1186663;-51.510962297;33360254            ;balaomagicocreche@gmail.com                       ;                                                                                                    ;;;;9;LOMBA DO PINHEIRO/AGRONOMIA;4;LOMBA DO PINHEIRO;EM ATIVIDADE;SIM;NÃO;NÃO;NÃO;NÃO;NÃO;SIM;NÃO;NÃO;NÃO;SIM;NÃO;NÃO;SIM
2021-01-01 04:16:45.380;PRIVADO;NI;5054;43183069;5054 EEI CASA DA CRIANÇA ALGODÃO DOCE                   ;5054 ALGODÃO DOCE             ;R SÃO MARCOS - LOMBA DO PINHEIRO                  ;150;LOMBA DO PINHEIRO   ;91570380  ;-30.1179578;-51.0971373;30192458            ;crechealgodaodoce@terra.com.br                    ;                                                                                                    ;;;;9;LOMBA DO PINHEIRO/AGRONOMIA;4;LOMBA DO PINHEIRO;EM ATIVIDADE;SIM;NÃO;NÃO;NÃO;NÃO;NÃO;SIM;NÃO;NÃO;NÃO;SIM;NÃO;NÃO;SIM
2021-01-01 04:16:45.380;PRIVADO;NI;5055;43185207;5055 IEI VOVÓ IDA                                       ;5055 VOVO IDA                 ;RUA DONA FIRMINA                                  ;1583;VILA JOÃO PESSOA    ;91520210  ;-30.0759542;-51.1685722;33223213            ;vovoida19@gmail.com                               ;                                                                                                    ;;;;4;PARTENON;7;PARTENON;EM ATIVIDADE;SIM;NÃO;NÃO;NÃO;NÃO;NÃO;SIM;NÃO;NÃO;NÃO;SIM;NÃO;NÃO;SIM
2021-01-01 04:16:45.380;PRIVADO;NI;5056;43185606;5056 EEI PAINEIRAS                                      ;5056 PAINEIRAS                ;LG PAINEIRAS                                      ;477;VILA JOÃO PESSOA    ;91510070  ;-30.071384899999998;-51.174784499999994;33393110            ;crechepaineira@gmail.com                          ;                                                                                                    ;;;;4;PARTENON;7;PARTENON;EM ATIVIDADE;SIM;NÃO;NÃO;NÃO;NÃO;NÃO;SIM;NÃO;NÃO;NÃO;SIM;NÃO;NÃO;SIM
2021-01-01 04:16:45.380;PRIVADO;NI;5057;43187854;5057 EEI CAMPO DA TUCA                                  ;5057 CAMPO DA TUCA            ;RUA D                                             ;200;PARTENON            ;91510480  ;-30.0709027;-51.1736134;33220971            ;creche@campodatuca.org.br                         ;                                                                                                    ;;;;4;PARTENON;7;PARTENON;EM ATIVIDADE;SIM;NÃO;NÃO;NÃO;NÃO;NÃO;SIM;NÃO;NÃO;NÃO;SIM;NÃO;NÃO;SIM
2021-01-01 04:16:45.380;PRIVADO;NI;5058;43185649;5058 EEI TOPO GIGIO                                     ;5058 TOPO GIGIO               ;RUA SÃO JOSÉ VILA SÃO JOSÉ COMUNITÁRIA            ;29;VILA SÃO JOSÉ       ;91520470  ;-30.0772698;-51.1638843;33158057            ;escolatopogigio@gmail.com                         ;                                                                                                    ;;;;4;PARTENON;7;PARTENON;EM ATIVIDADE;SIM;NÃO;NÃO;NÃO;NÃO;NÃO;SIM;NÃO;NÃO;NÃO;SIM;NÃO;NÃO;SIM
2021-01-01 04:16:45.380;PRIVADO;NI;5059;43185592;5059 EEI ACOMUR                                         ;5059 ACOMUR                   ;RUA VIDAL DE NEGREIROS                            ;996;VILA SÃO JOSÉ       ;91520480  ;-30.0703867;-51.1671969;33183231            ;acomur@hotmail.com                                ;                                                                                                    ;;;;4;PARTENON;7;PARTENON;EM ATIVIDADE;SIM;NÃO;NÃO;NÃO;NÃO;NÃO;SIM;NÃO;NÃO;NÃO;SIM;NÃO;NÃO;SIM
2021-01-01 04:16:45.380;PRIVADO;NI;5060;43190308;5060 IEI MURIALDO                                       ;5060 MURIALDO                 ;TRAVESSA SÃO JOÃO                                 ;57;VILA SÃO JOSÉ       ;91520560  ;-30.0730572;-51.1637132;33152960            ;creche@murialdopoasocial.org.br                   ;                                                                                                    ;;;;4;PARTENON;7;PARTENON;EM ATIVIDADE;SIM;NÃO;NÃO;NÃO;NÃO;NÃO;NÃO;SIM;SIM;NÃO;NÃO;NÃO;NÃO;SIM
2021-01-01 04:16:45.380;PRIVADO;NI;5061;43185436;5061 IEI VÓ BELINHA                                     ;5061 VÓ BELINHA               ;RUA MIGUEL OLVICTO DOS SANTOS                     ;71;LOMBA DO PINHEIRO   ;91550280  ;-30.0972645;-51.136052;33521742            ;                                                  ;                                                                                                    ;;;;9;LOMBA DO PINHEIRO/AGRONOMIA;4;LOMBA DO PINHEIRO;EM ATIVIDADE;SIM;NÃO;NÃO;NÃO;NÃO;NÃO;SIM;NÃO;NÃO;NÃO;SIM;NÃO;NÃO;SIM
2021-01-01 04:16:45.380;PRIVADO;NI;5062;43185614;5062 IEI ESTRELA MAGICA                                 ;5062 ESTRELA MÁGICA           ;R SANTA CATARINA ESTR JOÃO DE O REMIÃO            ;30;LOMBA DO PINHEIRO   ;91560000  ;-30.1219697;-51.1085822;33520881            ;crecheestrelamagica@hotmail.com                   ;                                                                                                    ;;;;9;LOMBA DO PINHEIRO/AGRONOMIA;4;LOMBA DO PINHEIRO;EM ATIVIDADE;SIM;NÃO;NÃO;NÃO;NÃO;NÃO;SIM;NÃO;NÃO;NÃO;SIM;NÃO;NÃO;SIM
2021-01-01 04:16:45.380;PRIVADO;NI;5063;43185479;5063 IEI NOSSA SENHORA APARECIDA -VILA PINHAL           ;5063 Nª S APARECIDA VILA PINHA;R ABACATEIRO                                      ;195;LOMBA DO PINHEIRO   ;91560480  ;-30.1203592;-51.1066651;33194651            ;escolapinhal@hotmail.com                          ;                                                                                                    ;;;;9;LOMBA DO PINHEIRO/AGRONOMIA;4;LOMBA DO PINHEIRO;EM ATIVIDADE;SIM;NÃO;NÃO;NÃO;NÃO;NÃO;SIM;NÃO;NÃO;NÃO;SIM;NÃO;NÃO;SIM
2021-01-01 04:16:45.380;PRIVADO;NI;5064;43187382;5064 EEI RECREIO DA DIVISA                              ;5064.RECREIO DA DIVISA        ;ESTR JOÃO DE OLIVEIRA REMIÃO                      ;6269;LOMBA DO PINHEIRO   ;91130540  ;-30.1237905;-51.1079968;33177469            ;recreiodadivisa@gmail.com                         ;                                                                                                    ;;;;9;LOMBA DO PINHEIRO/AGRONOMIA;4;LOMBA DO PINHEIRO;EM ATIVIDADE;SIM;NÃO;NÃO;NÃO;NÃO;NÃO;SIM;NÃO;NÃO;NÃO;SIM;NÃO;NÃO;SIM
2021-01-01 04:16:45.380;PRIVADO;NI;5065;43187781;5065 IEI ARCO IRIS ENCANTADO                            ;5065 ARCO IRIS ENCANTADO      ;R GUAIBA-LOMBA DO PINHEIRO                        ;95;LOMBA DO PINHEIRO   ;91560640  ;-30.1105187;-51.1120846;30292214            ;                                                  ;                                                                                                    ;;;;9;LOMBA DO PINHEIRO/AGRONOMIA;4;LOMBA DO PINHEIRO;EM ATIVIDADE;SIM;NÃO;NÃO;NÃO;NÃO;NÃO;SIM;NÃO;NÃO;NÃO;SIM;NÃO;NÃO;SIM
2021-01-01 04:16:45.380;PRIVADO;NI;5066;43187137;5066 EEI MEU NENE                                       ;5066 MEU NENE                 ;R ERNESTO LISCANO                                 ;195;AGRONOMIA           ;91540310  ;-30.0882007;-51.1266516;33154217            ;cristiane-fogassafonseca@hotmail.com              ;                                                                                                    ;;;;9;LOMBA DO PINHEIRO/AGRONOMIA;4;LOMBA DO PINHEIRO;EM ATIVIDADE;SIM;NÃO;NÃO;NÃO;NÃO;NÃO;SIM;NÃO;NÃO;NÃO;SIM;NÃO;NÃO;SIM
2021-01-01 04:16:45.380;PRIVADO;NI;5067;43187838;5067 IEI NOSSA SENHORA DA GLORIA                        ;5067 NOSSA SENHORA DA GLORIA  ;TRAV A VILA NOSSA SENHORA DA GLORIA               ;252;CASCATA             ;91710151  ;-30.0780113;-51.1896033;33397463            ;crechecomgloria@hotmail.com                       ;                                                                                                    ;;;;5;GLÓRIA/CRUZEIRO/CRISTAL;9;GLÓRIA;EM ATIVIDADE;SIM;NÃO;NÃO;NÃO;NÃO;NÃO;SIM;NÃO;NÃO;NÃO;SIM;NÃO;NÃO;SIM
2021-01-01 04:16:45.380;PRIVADO;NI;5069;43185185;5069 IEI CRECHE LAR DA CRIANCA                          ;5069 LAR DA CRIANÇA           ;R NOSSA SENHORA DO BRASIL-SANTA TERESA            ;83;SANTA TEREZA        ;90850510  ;-30.0699447;-51.2224929;32320503            ;ieicrechelardacrianca@gmail.com                   ;                                                                                                    ;;;;5;GLÓRIA/CRUZEIRO/CRISTAL;10;CRUZEIRO;EM ATIVIDADE;SIM;NÃO;NÃO;NÃO;NÃO;NÃO;SIM;NÃO;NÃO;NÃO;SIM;NÃO;NÃO;SIM
2021-01-01 04:16:45.380;PRIVADO;NI;5070;43185053;5070 IEI CENEAMM 1 DE MAIO                              ;5070 CENEAMM 1 DE MAIO        ;ESTR BARCELLOS                                    ;2268;CASCATA             ;91712300  ;-30.0907206;-51.179328;33184152            ;ceneamm@gmail.com                                 ;                                                                                                    ;;;;5;GLÓRIA/CRUZEIRO/CRISTAL;9;GLÓRIA;EM ATIVIDADE;SIM;NÃO;NÃO;NÃO;NÃO;NÃO;SIM;NÃO;NÃO;NÃO;SIM;NÃO;NÃO;SIM
2021-01-01 04:16:45.380;PRIVADO;NI;5071;43190219;5071 EEI CRIANÇA FELIZ                                  ;5071 CRIANÇA FELIZ            ;R CANUDOS                                         ;625;CASCATA             ;91712340  ;-30.0935696;-51.174393099999996;33851641            ;asmovica254@gmail.com                             ;                                                                                                    ;;;;5;GLÓRIA/CRUZEIRO/CRISTAL;9;GLÓRIA;EM ATIVIDADE;SIM;NÃO;NÃO;NÃO;NÃO;NÃO;SIM;NÃO;NÃO;NÃO;SIM;NÃO;NÃO;SIM
2021-01-01 04:16:45.380;PRIVADO;NI;5072;43185282;5072 IEI AMAVTRON                                       ;5072 AMAVTRON                 ;R CAIXA ECONOMICA                                 ;633;SANTA TEREZA        ;90840610  ;-30.074548699999998;-51.222295599999995;32333150            ;amavtron@hotmail.com                              ;                                                                                                    ;;;;5;GLÓRIA/CRUZEIRO/CRISTAL;10;CRUZEIRO;EM ATIVIDADE;SIM;NÃO;NÃO;NÃO;NÃO;NÃO;SIM;NÃO;NÃO;NÃO;SIM;NÃO;NÃO;SIM
2021-01-01 04:16:45.380;PRIVADO;NI;5073;43190405;5073 EEI MATO GROSSO                                    ;5073 MATO GROSSO              ;RUA OCTAVIO DE SOUZA                              ;1818;TERESÓPOLIS         ;90840350  ;-30.0809394;-51.2289879;32662407            ;escolamt2017@gmail.com                            ;                                                                                                    ;;;;6;CENTRO SUL/SUL;12;CENTRO-SUL;EM ATIVIDADE;SIM;NÃO;NÃO;NÃO;NÃO;NÃO;SIM;NÃO;NÃO;NÃO;SIM;NÃO;NÃO;SIM
2021-01-01 04:16:45.380;PRIVADO;NI;5074;43190537;5074 IEI BOA ESPERANÇA                                  ;5074 BOA ESPERANÇA            ;RUA OSMAR SANTOS FREITAS                          ;40;SANTA TEREZA        ;90840405  ;-30.0789011;-51.218418;30628064            ;secretaria.cencor1@hotmail.com                    ;                                                                                                    ;;;;5;GLÓRIA/CRUZEIRO/CRISTAL;10;CRUZEIRO;EM ATIVIDADE;SIM;NÃO;NÃO;NÃO;NÃO;NÃO;SIM;NÃO;NÃO;NÃO;SIM;NÃO;NÃO;SIM
2021-01-01 04:16:45.380;PRIVADO;NI;5075;43187811;5075 IEI MARIA DOLABELLA PORTELA                        ;5075 MARIA DOLABELLA PORTELA  ;R DONA OTILIA                                     ;927;SANTA TEREZA        ;90830580  ;-30.0815506;-51.2265473;31098325            ;imaculatinaspoa.gestao-rh@hotmail.com             ;                                                                                                    ;;;;5;GLÓRIA/CRUZEIRO/CRISTAL;10;CRUZEIRO;EM ATIVIDADE;SIM;NÃO;NÃO;NÃO;NÃO;NÃO;NÃO;SIM;SIM;NÃO;NÃO;NÃO;NÃO;SIM
2021-01-01 04:16:45.380;PRIVADO;NI;5076;43190570;5076 EEI DOM ORIONE                                     ;5076 DOM ORIONE               ;R URSA MAIOR                                      ;215;CRISTAL             ;90820200  ;-30.0859696;-51.2324344;32665774            ;orione@donorione.org.br                           ;                                                                                                    ;;;;5;GLÓRIA/CRUZEIRO/CRISTAL;11;CRISTAL;EM ATIVIDADE;SIM;NÃO;NÃO;NÃO;NÃO;NÃO;NÃO;SIM;SIM;NÃO;NÃO;NÃO;NÃO;SIM
2021-01-01 04:16:45.380;PRIVADO;NI;5077;43190553;5077 EEI NOSSA SENHORA DE NAZARÉ-DOM ORIONE             ;5077 NOSSA SENHORA DE NAZARÉ  ;R EUCLIDES DE ALMEIDA                             ;20;SANTA TEREZA        ;90840640  ;-30.0790974;-51.2239631;32412955            ;nazare@donorione.org.br                           ;                                                                                                    ;;;;5;GLÓRIA/CRUZEIRO/CRISTAL;10;CRUZEIRO;EM ATIVIDADE;SIM;NÃO;NÃO;NÃO;NÃO;NÃO;NÃO;SIM;SIM;NÃO;NÃO;NÃO;NÃO;SIM
2021-01-01 04:16:45.380;PRIVADO;NI;5081;43190502;5081 EEI BRIZOLINHA                                     ;5081 BRIZOLINHA               ;AV ARROIO DOS PADRES                              ;130;CASCATA             ;91712390  ;-30.0979033;-51.1877896;33223095            ;cecojare@yahoo.com.br                             ;                                                                                                    ;;;;5;GLÓRIA/CRUZEIRO/CRISTAL;9;GLÓRIA;EM ATIVIDADE;SIM;NÃO;NÃO;NÃO;NÃO;NÃO;SIM;NÃO;NÃO;NÃO;SIM;NÃO;NÃO;SIM
2021-01-01 04:16:45.380;PRIVADO;NI;5082;43185096;5082 IEI MEDIANEIRA                                     ;5082 MEDIANEIRA               ;R CAIXA ECONOMICA                                 ;320;SANTA TEREZA        ;90840610  ;-30.0725293;-51.2235659;32233558            ;crechemedianeira@gmail.com                        ;                                                                                                    ;;;;5;GLÓRIA/CRUZEIRO/CRISTAL;10;CRUZEIRO;EM ATIVIDADE;SIM;NÃO;NÃO;NÃO;NÃO;NÃO;SIM;NÃO;NÃO;NÃO;SIM;NÃO;NÃO;SIM
2021-01-01 04:16:45.380;PRIVADO;NI;5083;43188206;5083 EEI CASA DE NAZARE CENTRO DE APOIO AO MENOR        ;5083 CASA DE NAZARE           ;R CEL TIMOTEO                                     ;350;CAMAQUÃ             ;91910680  ;-30.00949777;-51.2376089;32429196            ;mariainesflores013@gmail.com                      ;                                                                                                    ;;;;5;GLÓRIA/CRUZEIRO/CRISTAL;11;CRISTAL;EM ATIVIDADE;SIM;NÃO;NÃO;NÃO;NÃO;NÃO;SIM;NÃO;NÃO;NÃO;SIM;NÃO;NÃO;SIM
2021-01-01 04:16:45.380;PRIVADO;NI;5084;43190081;5084 EEI CANTINHO DA CRIANÇA                            ;5084 CANTINHO DA CRIANCA      ;RUA ADÃO ARAUJO                                   ;81;CORONEL APARÍCIO BOR;91710560  ;-30.0755231;-51.182646;33395480            ;cantinho.crianca@gmail.com                        ;                                                                                                    ;;;;4;PARTENON;7;PARTENON;EM ATIVIDADE;SIM;NÃO;NÃO;NÃO;NÃO;NÃO;SIM;NÃO;NÃO;NÃO;SIM;NÃO;NÃO;SIM
2021-01-01 04:16:45.380;PRIVADO;NI;5085;43190634;5085 EEI BATILANOS                                      ;5085 BATILANOS                ;ESTR BATILLANAS                                   ;1005;CASCATA             ;91712310  ;-30.0869465;-51.1811157;33184427            ;crechebatilanos@hotmail.com                       ;                                                                                                    ;;;;5;GLÓRIA/CRUZEIRO/CRISTAL;9;GLÓRIA;EM ATIVIDADE;SIM;NÃO;NÃO;NÃO;NÃO;NÃO;SIM;NÃO;NÃO;NÃO;SIM;NÃO;NÃO;SIM
2021-01-01 04:16:45.380;PRIVADO;NI;5086;43185118;5086 EEI ARAPEÍ                                         ;5086 ARAPEÍ                   ;R ARAPEI                                          ;103;CRISTAL             ;90830470  ;-30.0863338;-51.2294967;32410360            ;crechearapei@yahoo.com.br                         ;                                                                                                    ;;;;5;GLÓRIA/CRUZEIRO/CRISTAL;10;CRUZEIRO;EM ATIVIDADE;SIM;NÃO;NÃO;NÃO;NÃO;NÃO;SIM;NÃO;NÃO;NÃO;SIM;NÃO;NÃO;SIM
2021-01-01 04:16:45.380;PRIVADO;NI;5087;43188540;5087 IEI NUCLEO SAO FRANCISCO                           ;5087 NUCLEO SAO FRANCISCO     ;BC UM RUA CEL TIMOTEO                             ;465;CAVALHADA           ;91910000  ;-30.094817;-51.238514099999996;32434801            ;casadenazare@brturbo.com.br                       ;                                                                                                    ;;;;5;GLÓRIA/CRUZEIRO/CRISTAL;11;CRISTAL;EM ATIVIDADE;SIM;NÃO;NÃO;NÃO;NÃO;NÃO;SIM;NÃO;NÃO;NÃO;SIM;NÃO;NÃO;SIM
2021-01-01 04:16:45.380;PRIVADO;NI;5088;43188036;5088 IEI VINDE A MIM AS CRIANCINHAS                     ;5088 VINDE A MIM AS CRIANCINHA;ESTR COSTA GAMA                                   ;719;BELÉM VELHO         ;91787311  ;-30.1196196;-51.1769797;32452506            ;amparosc@bol.com.br                               ;                                                                                                    ;;;;5;GLÓRIA/CRUZEIRO/CRISTAL;9;GLÓRIA;EM ATIVIDADE;SIM;NÃO;NÃO;NÃO;NÃO;NÃO;NÃO;SIM;SIM;NÃO;NÃO;NÃO;NÃO;SIM
2021-01-01 04:16:45.380;PRIVADO;NI;5089;43185444;5089 EEI VÓ MARIA                                       ;5089 VÓ MARIA                 ;VILA ORFANOTROFIO II                              ;54;NONOAI              ;90840440  ;-30.0865126;-51.2273637;32660181            ;crechevomaria@gmail.com                           ;                                                                                                    ;;;;5;GLÓRIA/CRUZEIRO/CRISTAL;12;CENTRO-SUL;EM ATIVIDADE;SIM;NÃO;NÃO;NÃO;NÃO;NÃO;SIM;NÃO;NÃO;NÃO;SIM;NÃO;NÃO;SIM
2021-01-01 04:16:45.380;PRIVADO;NI;5091;43187803;5091 IEI MADRE BRIGIDA POSTORINO                        ;5091 MADRE BRIGIDA POSTORINO  ;BC FLORES VILA TRONCO II                          ;346;SANTA TEREZA        ;90843462  ;-30.0772184;-51.225752;32666067            ;imaculatinaspoa@ig.com.br                         ;                                                                                                    ;;;;5;GLÓRIA/CRUZEIRO/CRISTAL;10;CRUZEIRO;EM ATIVIDADE;SIM;NÃO;NÃO;NÃO;NÃO;NÃO;NÃO;SIM;SIM;NÃO;NÃO;NÃO;NÃO;SIM
2021-01-01 04:16:45.380;PRIVADO;NI;5097;43185258;5097 EEI PASSO A PASSO                                  ;5097 PASSO A PASSO            ;RUA  MORRO ALTO                                   ;485;ABERTA DOS MORROS   ;91751650  ;-30.1366918;-51.2110045;30849823            ;edina.avila@hotmail.com                           ;                                                                                                    ;;;;6;CENTRO SUL/SUL;15;SUL;EM ATIVIDADE;SIM;NÃO;NÃO;NÃO;NÃO;NÃO;SIM;NÃO;NÃO;NÃO;SIM;NÃO;NÃO;SIM
2021-01-01 04:16:45.380;PRIVADO;NI;5098;43185347;5098 EEI MENINO JESUS                                   ;5098 MENINO JESUS             ;R PAULO MACIEL                                    ;89;VILA NOVA           ;91751350  ;-30.1293154;-51.214621599999994;32468372            ;escmeninojesus89@gmail.com                        ;                                                                                                    ;;;;6;CENTRO SUL/SUL;12;CENTRO-SUL;EM ATIVIDADE;SIM;NÃO;NÃO;NÃO;NÃO;NÃO;SIM;NÃO;NÃO;NÃO;SIM;NÃO;NÃO;SIM
2021-01-01 04:16:45.380;PRIVADO;NI;5099;43201377;5099 EEI AMIGO SPINELLI                                 ;5099 AMIGO SPINELLI-ALDEIA DA ;R DONA PAULINA                                    ;700;TRISTEZA            ;91920030  ;-30.1175854;-51.246815;32669440            ;contato@aldeiadafraternidade.org.br               ;                                                                                                    ;;;;6;CENTRO SUL/SUL;15;SUL;EM ATIVIDADE;SIM;NÃO;NÃO;NÃO;NÃO;NÃO;NÃO;SIM;SIM;NÃO;NÃO;NÃO;NÃO;SIM
2021-01-01 04:16:45.380;PRIVADO;NI;5100;43185240;5100 IEI ISABEL VIEIRA                                  ;5100 TIA ISABEL               ;RUA NOVA IPANEMA                                  ;34;HÍPICA              ;91755200  ;-30.1532525;-51.2013379;31105904            ;iceivi@bol.com.br                                 ;                                                                                                    ;;;;7;RESTINGA/EXTREMO-SUL;15;SUL;EM ATIVIDADE;SIM;NÃO;NÃO;NÃO;NÃO;NÃO;SIM;NÃO;NÃO;NÃO;SIM;NÃO;NÃO;SIM
2021-01-01 04:16:45.380;PRIVADO;NI;5102;43189083;5102 IEI RENASCER VILA AMERICA                          ;5102 RENASCER                 ;R ROBERTO FELIX BERTOI                            ;25;CAMAQUÃ             ;91910540  ;-30.1012431;-51.2423268;32417161            ;crecherenascer@bol.com.br                         ;                                                                                                    ;;;;6;CENTRO SUL/SUL;12;CENTRO-SUL;EM ATIVIDADE;SIM;NÃO;NÃO;NÃO;NÃO;NÃO;SIM;NÃO;NÃO;NÃO;SIM;NÃO;NÃO;SIM
2021-01-01 04:16:45.380;PRIVADO;NI;5105;43188460;5105 EEI ANANDA MARGA RESTINGA VELHA                    ;5105 ANANDA MARGA RESTINGA VEL;R MANOEL FARIA DA ROSA PRIMO                      ;779;RESTINGA            ;91790770  ;-30.159860199999997;-51.140246899999994;32508180            ;restingavelha@amurt.org.br                        ;                                                                                                    ;;;;7;RESTINGA/EXTREMO-SUL;8;RESTINGA;EM ATIVIDADE;SIM;NÃO;NÃO;NÃO;NÃO;NÃO;SIM;NÃO;SIM;NÃO;SIM;NÃO;NÃO;SIM
2021-01-01 04:16:45.380;PRIVADO;NI;5106;43190529;5106 EEI NOVA SANTA RITA                                ;5106 NOVA SANTA RITA          ;R TOBAGO                                          ;570;RESTINGA            ;91790530  ;-30.1589231;-51.1439202;32581138            ;creche.s.rita@gmail.com                           ;                                                                                                    ;;;;7;RESTINGA/EXTREMO-SUL;8;RESTINGA;EM ATIVIDADE;SIM;NÃO;NÃO;NÃO;NÃO;NÃO;SIM;NÃO;NÃO;NÃO;SIM;NÃO;NÃO;SIM
2021-01-01 04:16:45.380;PRIVADO;NI;5107;43185584;5107 EEI ARCO IRIS I                                    ;5107 ARCO IRIS I              ;R TOBAGO                                          ;1258;RESTINGA            ;91790530  ;-30.155905999999998;-51.137284599999994;32610170            ;acobreve@gmail.com                                ;                                                                                                    ;;;;7;RESTINGA/EXTREMO-SUL;8;RESTINGA;EM ATIVIDADE;SIM;NÃO;NÃO;NÃO;NÃO;NÃO;SIM;NÃO;NÃO;NÃO;SIM;NÃO;NÃO;SIM
2021-01-01 04:16:45.380;PRIVADO;NI;5108;43185533;5108 EEI PADRE PEDRO LEONARDI I                         ;5108 PADRE PEDRO LEONARDI I   ;ESTR BARRO VERMELHO                               ;542;RESTINGA            ;91790100  ;-30.1628744;-51.1454685;32505008            ;padrepedroleonardi@yahoo.com.br                   ;                                                                                                    ;;;;7;RESTINGA/EXTREMO-SUL;8;RESTINGA;EM ATIVIDADE;SIM;NÃO;NÃO;NÃO;NÃO;NÃO;NÃO;SIM;SIM;NÃO;NÃO;NÃO;NÃO;SIM
2021-01-01 04:16:45.380;PRIVADO;NI;5109;43188125;5109 EEI ANANDA MARGA RESTINGA NOVA 1                   ;5109 ANANDA MARGA REST NOVA 1 ;RUA ALAMEDA D                                     ;84;RESTINGA            ;91790610  ;-30.1549846;-51.136894;30946660            ;restinganova1@amurt.org.br                        ;                                                                                                    ;;;;7;RESTINGA/EXTREMO-SUL;8;RESTINGA;EM ATIVIDADE;SIM;NÃO;NÃO;NÃO;NÃO;NÃO;SIM;NÃO;SIM;NÃO;SIM;NÃO;NÃO;SIM
2021-01-01 04:16:45.380;PRIVADO;NI;5110;43188745;5110 EEI ANANDA MARGA JUCA BATISTA                      ;5110 ANANDA MARGA JUCA BATISTA;AV JUCA BATISTA                                   ;6841;IPANEMA             ;91770001  ;-30.1747344;-51.17665;33122300            ;escola.bn@amurt.org.br                            ;                                                                                                    ;;;;6;CENTRO SUL/SUL;13;EXTREMO SUL;EM ATIVIDADE;SIM;NÃO;NÃO;NÃO;NÃO;NÃO;SIM;NÃO;SIM;NÃO;SIM;NÃO;NÃO;SIM
2021-01-01 04:16:45.380;PRIVADO;NI;5111;43188150;5111 EEI ANANDA MARGA BARRO VERMELHO                    ;5111 ANANDA MARGA BARRO VERMEL;R JOSE DE ABREU FRAGA                             ;52;RESTINGA            ;91790095  ;-30.1667164;-51.146271299999995;32611753            ;barrovermelho@amurt.org.br                        ;                                                                                                    ;;;;7;RESTINGA/EXTREMO-SUL;8;RESTINGA;EM ATIVIDADE;SIM;NÃO;NÃO;NÃO;NÃO;NÃO;SIM;NÃO;SIM;NÃO;SIM;NÃO;NÃO;SIM
2021-01-01 04:16:45.380;PRIVADO;NI;5112;43190430;5112 EEI SANTA CATARINA DA RESTINGA                     ;5112 SANTA CATARINA DA RES    ;AV LUIZ FRANCISCO ZANELLA                         ;1001;RESTINGA            ;91790800  ;-30.1620111;-51.1365418;32662517            ;santacatarinadarestinga@yahoo.com.br              ;                                                                                                    ;;;;7;RESTINGA/EXTREMO-SUL;8;RESTINGA;EM ATIVIDADE;SIM;NÃO;NÃO;NÃO;NÃO;NÃO;SIM;NÃO;NÃO;NÃO;SIM;NÃO;NÃO;SIM
2021-01-01 04:16:45.380;PRIVADO;NI;5113;43190677;5113 EEI  ANJINHO DA GUARDA                             ;5113 ANJINHO DA GUARDA        ;R DOMINGOS DE ABREU                               ;290;SARANDI             ;91120090  ;-29.988703;-51.1347265;33645552            ;escinfantilanjinho@terra.com.br                   ;                                                                                                    ;;;;2;SARANDI/NORTE;5;NORTE;EM ATIVIDADE;SIM;NÃO;NÃO;NÃO;NÃO;NÃO;SIM;NÃO;NÃO;NÃO;SIM;NÃO;NÃO;SIM
2021-01-01 04:16:45.380;PRIVADO;NI;5114;43188311;5114 EEI CAPELA NAVEGANTES                              ;5114 CAPELA NAVEGANTES        ;AV GUAIBA                                         ;3955;CRISTAL             ;91900420  ;-30.0991831;-51.26444497;32651955            ;adm31@cpij.org.br                                 ;                                                                                                    ;;;;6;CENTRO SUL/SUL;15;SUL;EM ATIVIDADE;SIM;NÃO;NÃO;NÃO;NÃO;NÃO;SIM;NÃO;NÃO;NÃO;SIM;NÃO;NÃO;SIM
2021-01-01 04:16:45.380;PRIVADO;NI;5115;43190723;5115 IEI SANTA ANITA                                    ;5115 SANTA ANITA              ;R MENEZES PAREDES                                 ;425;NONOAI              ;90830070  ;-30.0884957;-51.2242941;32427853            ;creche.santaanita@gmail.com                       ;                                                                                                    ;;;;6;CENTRO SUL/SUL;12;CENTRO-SUL;EM ATIVIDADE;SIM;NÃO;NÃO;NÃO;NÃO;NÃO;SIM;NÃO;NÃO;NÃO;SIM;NÃO;NÃO;SIM
2021-01-01 04:16:45.380;PRIVADO;NI;5116;43190561;5116 IEI COLORINDO MEU DIA                              ;5116 COLORINDO MEU DIA        ;R JOSE LUIZ MARTINS COSTA                         ;1001;MÁRIO QUINTANA      ;91250330  ;-30.0268234;-51.0983652;33440043            ;escolinha_colorindomeudia@outlook.com             ;                                                                                                    ;;;;10;NORDESTE/EIXO BALTAZAR;6;NORDESTE;EM ATIVIDADE;SIM;NÃO;NÃO;NÃO;NÃO;NÃO;SIM;NÃO;NÃO;NÃO;SIM;NÃO;NÃO;SIM
2021-01-01 04:16:45.380;PRIVADO;NI;5117;43190545;5117 EEI NOSSA SENHORA APARECIDA LOT MARIANTE           ;5117 EEI NSA LOT MARIANTE     ;R HONDURAS                                        ;19;BELÉM VELHO         ;91787302  ;-30.1124293;-51.1529632;33319744            ;secretariaamnsa2017@gmail.com                     ;                                                                                                    ;;;;5;GLÓRIA/CRUZEIRO/CRISTAL;9;GLÓRIA;EM ATIVIDADE;SIM;NÃO;NÃO;NÃO;NÃO;NÃO;SIM;NÃO;NÃO;NÃO;SIM;NÃO;NÃO;SIM
2021-01-01 04:16:45.380;PRIVADO;NI;5118;43190375;5118 IEI NOSSA SENHORA DE BELEM                         ;5118 NOSSA SENHORA BELEM      ;AV PROF OSCAR PEREIRA                             ;7788;BELÉM VELHO         ;91712320  ;-30.104008;-51.1724752;994472665           ;presidencia@sanatoriobelem.com.br                 ;                                                                                                    ;;;;5;GLÓRIA/CRUZEIRO/CRISTAL;9;GLÓRIA;EM ATIVIDADE;SIM;NÃO;NÃO;NÃO;NÃO;NÃO;SIM;NÃO;SIM;NÃO;SIM;NÃO;NÃO;SIM
2021-01-01 04:16:45.380;PRIVADO;NI;5119;43191878;5119 EEI CRIANÇA CIDADÃ                                 ;5119 CRIANÇA CIDADA           ;AV ADELINO FERREIRA JARDIM                        ;280;RUBEM BERTA         ;91250310  ;-30.020987799999997;-51.104511099999996;33665476            ;fliliane67@hotmail.com                            ;                                                                                                    ;;;;10;NORDESTE/EIXO BALTAZAR;14;EIXO BALTAZAR;EM ATIVIDADE;SIM;NÃO;NÃO;NÃO;NÃO;NÃO;SIM;NÃO;NÃO;NÃO;SIM;NÃO;NÃO;SIM
2021-01-01 04:16:45.380;PRIVADO;NI;5120;43200915;5120 EEI MEDIANEIRA NOSSO SONHO I                       ;5120 MEDIANEIRA               ;R JARY                                            ;0;PASSO DA AREIA      ;91350170  ;-30.0129724;-51.1697539;32374877            ;escolanossosonho1@yahoo.com.br                    ;                                                                                                    ;;;;2;SARANDI/NORTE;2;NOROESTE;EM ATIVIDADE;SIM;NÃO;NÃO;NÃO;NÃO;NÃO;SIM;NÃO;SIM;NÃO;SIM;NÃO;NÃO;SIM
2021-01-01 04:16:45.380;PRIVADO;NI;5121;43188214;5121 IEI NSA SRA APARECIDA IPANEMA                      ;5121 N SEN APARECIDA IPANEMA  ;AV TRAMANDAI                                      ;395;IPANEMA             ;91760050  ;-30.1342703;-51.2298776;33776391            ;instituicaoaparecida@gmail.com                    ;                                                                                                    ;;;;6;CENTRO SUL/SUL;15;SUL;EM ATIVIDADE;SIM;NÃO;NÃO;NÃO;NÃO;NÃO;SIM;NÃO;NÃO;NÃO;SIM;NÃO;NÃO;SIM
2021-01-01 04:16:45.380;PRIVADO;NI;5123;43204635;5123 EEI GOTINHAS DE AMOR                               ;5123 GOTINHAS DE AMOR         ;RUA DRA VERA GLUSMAN KNIJNIK                      ;40;VILA CONCEIÇÃO      ;91920073  ;-30.120906299999998;-51.2536194;32223860            ;escolagotinhasdeamor@gmail.com                    ;                                                                                                    ;;;;6;CENTRO SUL/SUL;15;SUL;EM ATIVIDADE;SIM;NÃO;NÃO;NÃO;NÃO;NÃO;SIM;NÃO;NÃO;NÃO;SIM;NÃO;NÃO;SIM
2021-01-01 04:16:45.380;PRIVADO;NI;5124;43204660;5124 EEI ANTONIO GIANELLI - LOT CAVALHADA               ;5124 ANTONIO GIANELLI - LOT CA;R MONSENHOR RUBEN NEIS                            ;731;CAVALHADA           ;91920000  ;-30.1171493;-51.2310059;32479194            ;centrosocialagianelli@gmail.com;;                  ;                                                                                                    ;;;;6;CENTRO SUL/SUL;12;CENTRO-SUL;EM ATIVIDADE;SIM;NÃO;NÃO;NÃO;NÃO;NÃO;SIM;NÃO;SIM;NÃO;SIM;NÃO;NÃO;SIM
2021-01-01 04:16:45.380;PRIVADO;NI;5127;43204651;5127 EEI VILA GAÚCHA                                    ;5127 VILA GAÚCHA              ;R DONA MARIA                                      ;50;SANTA TEREZA        ;90850280  ;-30.0714371;-51.2326802;32230469            ;adm37@cpij.org.br                                 ;                                                                                                    ;;;;5;GLÓRIA/CRUZEIRO/CRISTAL;10;CRUZEIRO;EM ATIVIDADE;SIM;NÃO;NÃO;NÃO;NÃO;NÃO;SIM;NÃO;NÃO;NÃO;SIM;NÃO;NÃO;SIM
2021-01-01 04:16:45.380;PRIVADO;NI;5128;43201237;5128 IEI TIA HELENA                                     ;5128 TIA HELENA               ;R CRISTAL DA PAZ                                  ;180;MÁRIO QUINTANA      ;91270844  ;-30.0343658;-51.1204824;33875514            ;instituicaotiahelena@hotmail.com                  ;                                                                                                    ;;;;3;BOM JESUS/LESTE;6;NORDESTE;EM ATIVIDADE;SIM;NÃO;NÃO;NÃO;NÃO;NÃO;SIM;NÃO;NÃO;NÃO;SIM;NÃO;NÃO;SIM
2021-01-01 04:16:45.380;PRIVADO;NI;5129;43206220;5129 IEI RENOVAR DA ESPERANÇA II                        ;5129 RENOVAR DA ESPERANÇA II  ;RUA 7153                                          ;100;RESTINGA            ;90001970  ;-30.146336799999997;-51.1274484;32417262            ;renovardaesperanca@hotmail.com                    ;                                                                                                    ;;;;7;RESTINGA/EXTREMO-SUL;8;RESTINGA;EM ATIVIDADE;SIM;NÃO;NÃO;NÃO;NÃO;NÃO;SIM;NÃO;NÃO;NÃO;SIM;NÃO;NÃO;SIM
2021-01-01 04:16:45.380;PRIVADO;NI;5130;43201288;5130 IEI TECNOBABY                                      ;5130 TECNOBABY                ;R MARIA TRINDADE                                  ;115;FARRAPOS            ;90250275  ;-29.9795098;-51.1968993;33747553            ;amovitec@oi.com.br                                ;                                                                                                    ;;;;1;ILHAS, HUMAITA/NAVEGANTES;1;HUMAITÁ/NAVEGANTES;EM ATIVIDADE;SIM;NÃO;NÃO;NÃO;NÃO;NÃO;SIM;NÃO;NÃO;NÃO;SIM;NÃO;NÃO;SIM
2021-01-01 04:16:45.380;PRIVADO;NI;5131;43201156;5131 IEI SÃO VICENTE DE PAULO                           ;5131 SAO VICENTE DE PAULO     ;AV PRESIDENTE FRANKLIN ROOSEVELT                  ;910;SÃO GERALDO         ;90230002  ;-30.007760899999997;-51.2029904;33437500            ;centroedusaovicente@gmail.com                     ;                                                                                                    ;;;;1;ILHAS, HUMAITA/NAVEGANTES;1;HUMAITÁ/NAVEGANTES;EM ATIVIDADE;SIM;NÃO;NÃO;NÃO;NÃO;NÃO;SIM;NÃO;SIM;NÃO;SIM;NÃO;NÃO;SIM
2021-01-01 04:16:45.380;PRIVADO;NI;5132;43188222;5132 EEI ANANDA MARGA RESTINGA NOVA 2                   ;5132 ANANDA MARGA REST NOVA II;ACESSO O                                          ;2051;RESTINGA            ;91792260  ;-30.154921899999998;-51.141466699999995;30946600            ;restinganova2@amurt.org.br                        ;                                                                                                    ;;;;7;RESTINGA/EXTREMO-SUL;8;RESTINGA;EM ATIVIDADE;SIM;NÃO;NÃO;NÃO;NÃO;NÃO;SIM;NÃO;SIM;NÃO;SIM;NÃO;NÃO;SIM
2021-01-01 04:16:45.380;PRIVADO;NI;5133;43191894;5133 EEI AMOVIR                                         ;5133 AMOVIR                   ;R ENG OSCAR DE OLIVEIRA RAMOS                     ;1411;RESTINGA            ;91790050  ;-30.1494496;-51.1452138;32489906            ;escolainfantilamovir@gmail.com                    ;                                                                                                    ;;;;7;RESTINGA/EXTREMO-SUL;8;RESTINGA;EM ATIVIDADE;SIM;NÃO;NÃO;NÃO;NÃO;NÃO;SIM;NÃO;NÃO;NÃO;SIM;NÃO;NÃO;SIM
2021-01-01 04:16:45.380;PRIVADO;NI;5134;43208312;5134 EEI PÉ DE PILÃO                                    ;5134 PÉ DE PILÃO              ;R SEISCENTOS NOVENTA OITO                         ;104;FARRAPOS            ;90250596  ;-29.976431799999997;-51.197184299999996;33434102            ;educabueno@yahoo.com.br                           ;                                                                                                    ;;;;1;ILHAS, HUMAITA/NAVEGANTES;1;HUMAITÁ/NAVEGANTES;EM ATIVIDADE;SIM;NÃO;NÃO;NÃO;NÃO;NÃO;SIM;NÃO;NÃO;NÃO;SIM;NÃO;NÃO;SIM
2021-01-01 04:16:45.380;PRIVADO;NI;5135;43208185;5135 EEI ANTONIO GIANELLI                               ;5135 ANTONIO GIANELLI         ;RUA B AFRICA DO SUL                               ;7;BELÉM VELHO         ;91787351  ;-30.1161468;-51.1517398;32452955            ;centrosocialagianelli@gmail.com                   ;                                                                                                    ;;;;5;GLÓRIA/CRUZEIRO/CRISTAL;9;GLÓRIA;EM ATIVIDADE;SIM;NÃO;NÃO;NÃO;NÃO;NÃO;SIM;NÃO;SIM;NÃO;SIM;NÃO;NÃO;SIM
2021-01-01 04:16:45.380;PRIVADO;NI;5136;43207715;5136 IEI UNIÃO ESPERANÇA                                ;5136 UNIÃO ESPERANÇA          ;RUA AMERICANA                                     ;90;BELÉM VELHO         ;91787380  ;-30.1130301;-51.166786;32660947            ;escolauniaoesperanca@gmail.com                    ;                                                                                                    ;;;;5;GLÓRIA/CRUZEIRO/CRISTAL;9;GLÓRIA;EM ATIVIDADE;SIM;NÃO;NÃO;NÃO;NÃO;NÃO;SIM;NÃO;NÃO;NÃO;SIM;NÃO;NÃO;SIM
2021-01-01 04:16:45.380;PRIVADO;NI;5138;43211399;5138 IEI BRINCANDO E APRENDENDO                         ;5138 BRINCANDO E APRENDENDO   ;R MONSENHOR SEVERINO BRUN                         ;65;FARRAPOS            ;90245308  ;-29.987814899999996;-51.1970952;33431791            ;brincando.aprendendo@outlook.com.br               ;                                                                                                    ;;;;1;ILHAS, HUMAITA/NAVEGANTES;1;HUMAITÁ/NAVEGANTES;EM ATIVIDADE;SIM;NÃO;NÃO;NÃO;NÃO;NÃO;SIM;NÃO;NÃO;NÃO;SIM;NÃO;NÃO;SIM
2021-01-01 04:16:45.380;PRIVADO;NI;5139;43211100;5139 IEI ACOMPAR NUCLEO III                             ;5139 ACOMPAR III              ;RUA JOAO PARIS                                    ;1107;SARANDI             ;91160440  ;-29.988499;-51.1004217;33673098            ;acomparn3@yahoo.com.br                            ;                                                                                                    ;;;;2;SARANDI/NORTE;5;NORTE;EM ATIVIDADE;SIM;NÃO;NÃO;NÃO;NÃO;NÃO;SIM;NÃO;SIM;NÃO;SIM;NÃO;NÃO;SIM
2021-01-01 04:16:45.380;PRIVADO;NI;5140;43211453;5140 EEI JESUS MENINO                                   ;5140 JESUS MENINO             ;RUA C                                             ;4;RESTINGA            ;91790110  ;-30.1522173;-51.1346763;32575279            ;adm19@cpij.org.br                                 ;                                                                                                    ;;;;7;RESTINGA/EXTREMO-SUL;8;RESTINGA;EM ATIVIDADE;SIM;NÃO;NÃO;NÃO;NÃO;NÃO;SIM;NÃO;SIM;NÃO;SIM;NÃO;NÃO;SIM
2021-01-01 04:16:45.380;PRIVADO;NI;5141;43211119;5141 EEI ABRASCE LOTEAMENTO PAMPA                       ;5141 ABRASCE PAMPA            ;R VEREADOR ELOY MARTINS                           ;103;FARRAPOS            ;90250264  ;-29.9802828;-51.1986998;33371917            ;adm.pampa@abrascerestauracao.org                  ;                                                                                                    ;;;;1;ILHAS, HUMAITA/NAVEGANTES;1;HUMAITÁ/NAVEGANTES;EM ATIVIDADE;SIM;NÃO;NÃO;NÃO;NÃO;NÃO;SIM;NÃO;NÃO;NÃO;SIM;NÃO;NÃO;SIM
2021-01-01 04:16:45.380;PRIVADO;NI;5142;43209254;5142 IEI CRESCER COM LAZER                              ;5142 CRESCER COM LAZER TIMBAUV;AV IRMAO FAUSTINO JOAO                            ;59;RUBEM BERTA         ;91250690  ;-30.0213495;-51.0940974;33406253            ;crescercomlazer1996@hotmail.com                   ;                                                                                                    ;;;;10;NORDESTE/EIXO BALTAZAR;6;NORDESTE;EM ATIVIDADE;SIM;NÃO;NÃO;NÃO;NÃO;NÃO;SIM;NÃO;NÃO;NÃO;SIM;NÃO;NÃO;SIM
2021-01-01 04:16:45.380;PRIVADO;NI;5145;43211330;5145 IEI  PRINCESA ISABEL                               ;5145 PRINCESA ISABEL          ;AV JOAO PESSOA                                    ;2301;AZENHA              ;90040001  ;-30.0510306;-51.2109004;999634558           ;verapoa@terra.com.br                              ;                                                                                                    ;;;;8;CENTRO;16;CENTRO;EM ATIVIDADE;SIM;NÃO;NÃO;NÃO;NÃO;NÃO;SIM;NÃO;NÃO;NÃO;SIM;NÃO;NÃO;SIM
2021-01-01 04:16:45.380;PRIVADO;NI;5146;43211216;5146 EEI CHACRINHA                                      ;5146 CHACRINHA                ;R HORTENCIO MACHADO DE LIMA                       ;48;RESTINGA            ;91790620  ;-30.1665004;-51.1419456;32412735            ;escolachacrinha@hotmail.com                       ;                                                                                                    ;;;;7;RESTINGA/EXTREMO-SUL;8;RESTINGA;EM ATIVIDADE;SIM;NÃO;NÃO;NÃO;NÃO;NÃO;SIM;NÃO;NÃO;NÃO;SIM;NÃO;NÃO;SIM
2021-01-01 04:16:45.380;PRIVADO;NI;5147;43240615;5147 EEI PADRE PEDRO LEONARDI II                        ;5147 P P LEONARDI II          ;R EMILIA PERRONI FERNANDES                        ;100;CAMAQUÃ             ;91910295  ;-30.1052;-51.2455313;32221793            ;lopesnza@yahoo.com.br                             ;                                                                                                    ;;;;6;CENTRO SUL/SUL;12;CENTRO-SUL;EM ATIVIDADE;SIM;NÃO;NÃO;NÃO;NÃO;NÃO;NÃO;SIM;SIM;NÃO;NÃO;NÃO;NÃO;SIM
2021-01-01 04:16:45.380;PRIVADO;NI;5148;43280005;5148 EEI MARISTA MENINO JESUS                           ;5148 MENINO JESUS LOT STA TERE;R GARCA-MOURA                                     ;100;FLORESTA            ;90220330  ;-30.0176651;-51.2135073;30580603            ;meninojesus@maristas.org.br                       ;                                                                                                    ;;;;8;CENTRO;1;HUMAITÁ/NAVEGANTES;EM ATIVIDADE;SIM;NÃO;NÃO;NÃO;NÃO;NÃO;SIM;NÃO;SIM;NÃO;SIM;NÃO;NÃO;SIM
2021-01-01 04:16:45.380;PRIVADO;NI;5149;43240208;5149 EEI EGIDIO PICCOLI                                 ;5149 EGIDIO PICCOLI           ;R VIOLETA PARQUE DAS ORQUIDEAS                    ;2;MÁRIO QUINTANA      ;91260396  ;-30.0421388;-51.1063106;985235993           ;escolaegidiopiccoli@yahoo.com.br                  ;                                                                                                    ;;;;10;NORDESTE/EIXO BALTAZAR;6;NORDESTE;EM ATIVIDADE;SIM;NÃO;NÃO;NÃO;NÃO;NÃO;SIM;NÃO;NÃO;NÃO;SIM;NÃO;NÃO;SIM
2021-01-01 04:16:45.380;PRIVADO;NI;5150;43281001;5150 EEI SEMEANDO O AMANHÃ                              ;5150 PE LUIZ PEDROLLO         ;TRAV COSME E DAMIAO                               ;84;PARTENON            ;90680247  ;-30.069552799999997;-51.198208799999996;33222654            ;semeandoamanha2008@hotmail.com                    ;                                                                                                    ;;;;4;PARTENON;7;PARTENON;EM ATIVIDADE;SIM;NÃO;NÃO;NÃO;NÃO;NÃO;SIM;NÃO;NÃO;NÃO;SIM;NÃO;NÃO;SIM
2021-01-01 04:16:45.380;PRIVADO;NI;5151;43240011;5151 EEI BOA VISTA                                      ;5151 BOA VISTA                ;R SALOMAO DUBIN                                   ;11;BOA VISTA           ;91340450  ;-30.0234088;-51.8746199;33284728            ;asmojibj@hotmail.com                              ;                                                                                                    ;;;;1;ILHAS, HUMAITA/NAVEGANTES;2;NOROESTE;EM ATIVIDADE;SIM;NÃO;NÃO;NÃO;NÃO;NÃO;SIM;NÃO;NÃO;NÃO;SIM;NÃO;NÃO;SIM
2021-01-01 04:16:45.380;PRIVADO;NI;5152;43240607;5152 IEI PEQUENO PRINCIPE                               ;5152 PEQUENO PRINCIPE         ;R VIUVINHA                                        ;275;JARDIM CARVALHO     ;91430817  ;-30.0553207;-51.1497217;33971297            ;icisantos@hotmail.com                             ;                                                                                                    ;;;;3;BOM JESUS/LESTE;3;LESTE;EM ATIVIDADE;SIM;NÃO;NÃO;NÃO;NÃO;NÃO;SIM;NÃO;NÃO;NÃO;SIM;NÃO;NÃO;SIM
2021-01-01 04:16:45.380;PRIVADO;NI;5153;43282008;5153 EEI  MEU DENGO                                     ;5153 MEU DENGO                ;R GERALDINA BATISTA                               ;115;RUBEM BERTA         ;91150095  ;-30.0080712;-51.114277699999995;33646437            ;escolainfantilmeudengo@hotmail.com                ;                                                                                                    ;;;;10;NORDESTE/EIXO BALTAZAR;14;EIXO BALTAZAR;EM ATIVIDADE;SIM;NÃO;NÃO;NÃO;NÃO;NÃO;SIM;NÃO;NÃO;NÃO;SIM;NÃO;NÃO;SIM
2021-01-01 04:16:45.380;PRIVADO;NI;5154;43240429;5154 IEI MUNDO COLORIDO                                 ;5154 MUNDO COLORIDO           ;R DONA TEODORA                                    ;984;FARRAPOS            ;90240300  ;-29.9926875;-51.1938659;985046315           ;mundocoloridoescola@hotmail.com                   ;                                                                                                    ;;;;1;ILHAS, HUMAITA/NAVEGANTES;1;HUMAITÁ/NAVEGANTES;EM ATIVIDADE;SIM;NÃO;NÃO;NÃO;NÃO;NÃO;SIM;NÃO;NÃO;NÃO;SIM;NÃO;NÃO;SIM
2021-01-01 04:16:45.380;PRIVADO;NI;5155;43283004;5155 IEI RENOVAR DA ESPERANÇA                           ;5155 RENOVAR DA ESPERANÇA     ;R JACQUES YVES COSTEAU                            ;565;RESTINGA            ;91790425  ;-30.1588946;-51.1327706;32497520            ;noris.manito@hotmail.com                          ;                                                                                                    ;;;;7;RESTINGA/EXTREMO-SUL;8;RESTINGA;EM ATIVIDADE;SIM;NÃO;NÃO;NÃO;NÃO;NÃO;SIM;NÃO;NÃO;NÃO;SIM;NÃO;NÃO;SIM
2021-01-01 04:16:45.380;PRIVADO;NI;5156;43201296;5156 IEI LAR ESPERANÇA                                  ;5156 LAR ESPERANÇA            ;R DEODORO                                         ;250;MÁRIO QUINTANA      ;91260370  ;-30.036146;-51.1198856;33861153            ;crechelaresperanca@yahoo.com.br                   ;                                                                                                    ;;;;10;NORDESTE/EIXO BALTAZAR;6;NORDESTE;EM ATIVIDADE;SIM;NÃO;NÃO;NÃO;NÃO;NÃO;SIM;NÃO;SIM;NÃO;SIM;NÃO;NÃO;SIM
2021-01-01 04:16:45.380;PRIVADO;NI;5157;43187846;5157 EEI MARISTA RENASCER                               ;5157 MARISTA RENASCER         ;R IRMAOS MARISTAS                                 ;1;MÁRIO QUINTANA      ;91250254  ;-30.0237311;-51.0975232;33662844            ;renascer@maristas.org.br                          ;                                                                                                    ;;;;10;NORDESTE/EIXO BALTAZAR;6;NORDESTE;EM ATIVIDADE;SIM;NÃO;NÃO;NÃO;NÃO;NÃO;SIM;NÃO;SIM;NÃO;SIM;NÃO;NÃO;SIM
2021-01-01 04:16:45.380;PRIVADO;NI;5158;43206239;5158 IEI ESCOLA DA VIDA                                 ;5158 ESCOLA DA VIDA           ;R CRUZEIRO DO SUL                                 ;2873;SANTA TEREZA        ;90840000  ;-30.085231399999998;-51.230973299999995;32424103            ;escoladavida@hotmail.com                          ;                                                                                                    ;;;;5;GLÓRIA/CRUZEIRO/CRISTAL;11;CRISTAL;EM ATIVIDADE;SIM;NÃO;NÃO;NÃO;NÃO;NÃO;SIM;NÃO;NÃO;NÃO;SIM;NÃO;NÃO;SIM
2021-01-01 04:16:45.380;PRIVADO;NI;5159;43282016;5159 EEI TIA IARA                                       ;5159 TIA IARA                 ;R ARAPEI                                          ;551;CRISTAL             ;90830470  ;-30.087260899999997;-51.229771899999996;30722961            ;crechetiaiara@hotmail.com                         ;                                                                                                    ;;;;5;GLÓRIA/CRUZEIRO/CRISTAL;11;CRISTAL;EM ATIVIDADE;SIM;NÃO;NÃO;NÃO;NÃO;NÃO;SIM;NÃO;NÃO;NÃO;SIM;NÃO;NÃO;SIM
2021-01-01 04:16:45.380;PRIVADO;NI;5160;43240402;5160 EEI ANJINHOS DE CRISTAL                            ;5160 ANJINHOS DE CRISTAL      ;ESTRADA CRISTIANO KRAEMER                         ;541;VILA NOVA           ;91750060  ;-30.1196946;-51.201671999999995;32452259            ;ascomocris.poa@gmail.com                          ;                                                                                                    ;;;;6;CENTRO SUL/SUL;12;CENTRO-SUL;EM ATIVIDADE;SIM;NÃO;NÃO;NÃO;NÃO;NÃO;SIM;NÃO;NÃO;NÃO;SIM;NÃO;NÃO;SIM
2021-01-01 04:16:45.380;PRIVADO;NI;5161;43284000;5161 EEI RAIO DE SOL                                    ;5161 RAIO DE SOL              ;RUA  COLINA                                       ;150;VILA NOVA           ;91750000  ;-30.133041199999997;-51.199592599999995;32451046            ;eirscamponovo@yahoo.com.br                        ;                                                                                                    ;;;;6;CENTRO SUL/SUL;12;CENTRO-SUL;EM ATIVIDADE;SIM;NÃO;NÃO;NÃO;NÃO;NÃO;SIM;NÃO;NÃO;NÃO;SIM;NÃO;NÃO;SIM
2021-01-01 04:16:45.380;PRIVADO;NI;5163;43207723;5163 EEI  PLANETA INFANTIL                              ;5163 PLANETA INFANTIL         ;ACESSO A                                          ;3036;RESTINGA            ;91793020  ;-30.1481244;-51.1410318;32610865            ;emerson_susana@hotmail.com                        ;                                                                                                    ;;;;7;RESTINGA/EXTREMO-SUL;8;RESTINGA;EM ATIVIDADE;SIM;NÃO;NÃO;NÃO;NÃO;NÃO;SIM;NÃO;NÃO;NÃO;SIM;NÃO;NÃO;SIM
2021-01-01 04:16:45.380;PRIVADO;NI;5164;43260004;5164 EEI ARCO ÍRIS II                                   ;5164 ARCO ÍRIS II             ;R TOBAGO                                          ;1260;RESTINGA            ;91790530  ;-30.1557883;-51.1370665;32610170            ;acobreve@gmail.com                                ;                                                                                                    ;;;;7;RESTINGA/EXTREMO-SUL;8;RESTINGA;EM ATIVIDADE;SIM;NÃO;NÃO;NÃO;NÃO;NÃO;SIM;NÃO;NÃO;NÃO;SIM;NÃO;NÃO;SIM
2021-01-01 04:16:45.380;PRIVADO;NI;5165;43254403;5165 IEI VOVÓ BELINHA                                   ;5165 VOVÓ BELINHA             ;AV JOAQUIM PORTO VILLANOVA                        ;136;BOM JESUS           ;91410400  ;-30.0482674;-51.1555676;33861684            ;cintia.vovobeli@gmail.com                         ;                                                                                                    ;;;;3;BOM JESUS/LESTE;3;LESTE;EM ATIVIDADE;SIM;NÃO;NÃO;NÃO;NÃO;NÃO;SIM;NÃO;NÃO;NÃO;SIM;NÃO;NÃO;SIM
2021-01-01 04:16:45.380;PRIVADO;NI;5166;43254209;5166 EEI ABRASCE PARTENON                               ;5166 ABRASCE PARTENON         ;RUA MILTON SALES SILVEIRA                         ;37;CORONEL APARÍCIO BOR;91530660  ;-30.0700604;-51.1832874;33197898            ;escola.partenon@abrascerestauracao.org            ;                                                                                                    ;;;;4;PARTENON;7;PARTENON;EM ATIVIDADE;SIM;NÃO;NÃO;NÃO;NÃO;NÃO;SIM;NÃO;NÃO;NÃO;SIM;NÃO;NÃO;SIM
2021-01-01 04:16:45.380;PRIVADO;NI;5167;43259014;5167 EEI  PADRE VALLE NOSSO SONHO II                    ;5167 PADRE VALLE              ;RUA BERNARDI                                      ;61;CRISTO REDENTOR     ;91040030  ;-30.0098497;-51.1564877;33433436            ;e.e.i.nossosonho2@hotmail.com                     ;                                                                                                    ;;;;2;SARANDI/NORTE;2;NOROESTE;EM ATIVIDADE;SIM;NÃO;NÃO;NÃO;NÃO;NÃO;SIM;NÃO;SIM;NÃO;SIM;NÃO;NÃO;SIM
2021-01-01 04:16:45.380;PRIVADO;NI;5168;43211666;5168 EEI TIA BETH                                       ;5168 TIA BETH                 ;R VINTE SETE VILA MATO SAMPAIO                    ;125;BOM JESUS           ;91420634  ;-30.0501616;-51.1639748;995877828           ;adm40@cpij.org.br                                 ;                                                                                                    ;;;;3;BOM JESUS/LESTE;3;LESTE;EM ATIVIDADE;SIM;NÃO;NÃO;NÃO;NÃO;NÃO;SIM;NÃO;NÃO;NÃO;SIM;NÃO;NÃO;SIM
2021-01-01 04:16:45.380;PRIVADO;NI;5169;43254624;5169 IEI SONHO MEU                                      ;5169 SONHO MEU                ;AV MOAB CALDAS ACESSO 6                           ;20;SANTA TEREZA        ;90880310  ;-30.0679307;-51.2164041;32338068            ;crechesonhomeu@gmail.com                          ;                                                                                                    ;;;;5;GLÓRIA/CRUZEIRO/CRISTAL;10;CRUZEIRO;EM ATIVIDADE;SIM;NÃO;NÃO;NÃO;NÃO;NÃO;SIM;NÃO;NÃO;NÃO;SIM;NÃO;NÃO;SIM
2021-01-01 04:16:45.380;PRIVADO;NI;5170;43240410;5170 IEI  INTEGRAÇÃO DOS ANJOS                          ;5170 INTEGRAÇÃO DOS ANJOS     ;AV IPIRANGA                                       ;3780;PRAIA DE BELAS      ;90160090  ;-30.051539299999998;-51.1940125;33528890            ;anjosdaintegracao@gmail.com                       ;                                                                                                    ;;;;8;CENTRO;16;CENTRO;EM ATIVIDADE;SIM;NÃO;NÃO;NÃO;NÃO;NÃO;SIM;NÃO;NÃO;NÃO;SIM;NÃO;NÃO;SIM
2021-01-01 04:16:45.380;PRIVADO;NI;5172;43295274;5172 EEI POPULAR NOVA GERAÇÃO                           ;5172 NOVA GERAÇÃO             ;R PRIMAVERA                                       ;50;SARANDI             ;91140290  ;-29.988251199999997;-51.134521899999996;33404386            ;ngeracao@hotmail.com                              ;                                                                                                    ;;;;2;SARANDI/NORTE;5;NORTE;EM ATIVIDADE;SIM;NÃO;NÃO;NÃO;NÃO;NÃO;SIM;NÃO;NÃO;NÃO;SIM;NÃO;NÃO;SIM
2021-01-01 04:16:45.380;PRIVADO;NI;5173;43300170;5173 EEI CASA NAZARÉ                                    ;5173 GALBUSERA                ;ESTR ARACAJU                                      ;453;VILA NOVA           ;91740320  ;-30.1033387;-51.2192456;32491444            ;escolacasanazare@gmail.com                        ;                                                                                                    ;;;;6;CENTRO SUL/SUL;12;CENTRO-SUL;EM ATIVIDADE;SIM;NÃO;NÃO;NÃO;NÃO;NÃO;SIM;NÃO;SIM;NÃO;SIM;NÃO;NÃO;SIM
2021-01-01 04:16:45.380;PRIVADO;NI;5175;43296181;5175 IEI OSICOM II                                      ;5175 OSICOM II                ;R MANOEL FERRADOR                                 ;405;PASSO DAS PEDRAS    ;91230370  ;-30.0173925;-51.1261082;30193822            ;edu02@osicom.com.br                               ;                                                                                                    ;;;;10;NORDESTE/EIXO BALTAZAR;14;EIXO BALTAZAR;EM ATIVIDADE;SIM;NÃO;NÃO;NÃO;NÃO;NÃO;SIM;NÃO;SIM;NÃO;SIM;NÃO;NÃO;SIM
2021-01-01 04:16:45.380;PRIVADO;NI;5176;43295282;5176 IEI OSICOM III                                     ;5176 OSICOM III               ;R BONIFACIO CALDERON                              ;45;PASSO DAS PEDRAS    ;91230170  ;-30.020680799999997;-51.1270166;33563395            ;edu03@osicom.com                                  ;                                                                                                    ;;;;10;NORDESTE/EIXO BALTAZAR;14;EIXO BALTAZAR;EM ATIVIDADE;SIM;NÃO;NÃO;NÃO;NÃO;NÃO;SIM;NÃO;SIM;NÃO;SIM;NÃO;NÃO;SIM
2021-01-01 04:16:45.380;PRIVADO;NI;5177;43299199;5177 EEI SÃO GUILHERME                                  ;5177 SÃO GUILHERME            ;DIRETRIZ 3729                                     ;116;PARTENON            ;91520650  ;-30.067335399999997;-51.1595448;33849997            ;escolasaoguilherme@yahoo.com.br                   ;                                                                                                    ;;;;4;PARTENON;7;PARTENON;EM ATIVIDADE;SIM;NÃO;NÃO;NÃO;NÃO;NÃO;SIM;NÃO;NÃO;NÃO;SIM;NÃO;NÃO;SIM
2021-01-01 04:16:45.380;PRIVADO;NI;5179;43298206;5179 IEI DUTRA JARDIM                                   ;5179 DUTRA JARDIM             ;R ALBERTO SEHBE SIMON                             ;74;RUBEM BERTA         ;91160595  ;-30.001091099999996;-51.1014116;33814901            ;dutrajardim_2009@hotmail.com                      ;                                                                                                    ;;;;2;SARANDI/NORTE;14;EIXO BALTAZAR;EM ATIVIDADE;SIM;NÃO;NÃO;NÃO;NÃO;NÃO;SIM;NÃO;NÃO;NÃO;SIM;NÃO;NÃO;SIM
2021-01-01 04:16:45.380;PRIVADO;NI;5180;43300146;5180 EEI PORTAL ENCANTADO                               ;5180 PORTAL ENCANTADO         ;R JAIME LINO DOS SANTOS FILHO                     ;604;LOMBA DO PINHEIRO   ;91550610  ;-30.085206;-51.1159756;33181777            ;                                                  ;                                                                                                    ;;;;9;LOMBA DO PINHEIRO/AGRONOMIA;4;LOMBA DO PINHEIRO;EM ATIVIDADE;SIM;NÃO;NÃO;NÃO;NÃO;NÃO;SIM;NÃO;NÃO;NÃO;SIM;NÃO;NÃO;SIM
2021-01-01 04:16:45.380;PRIVADO;NI;5181;43298150;5181 EEI PLANETA MÁGICO                                 ;5181 PLANETA MÁGICO           ;R B VILA BECO DOS HERDEIROS                       ;61;AGRONOMIA           ;91540030  ;-30.085206;-51.1159756;33774081            ;escolainfantilplanetamagico@gmail.com             ;                                                                                                    ;;;;9;LOMBA DO PINHEIRO/AGRONOMIA;4;LOMBA DO PINHEIRO;EM ATIVIDADE;SIM;NÃO;NÃO;NÃO;NÃO;NÃO;SIM;NÃO;NÃO;NÃO;SIM;NÃO;NÃO;SIM
2021-01-01 04:16:45.380;PRIVADO;NI;5182;43185290;5182 EEI CRECHE NAVEGANTES                              ;5182 CRECHE NAVEGANTES        ;AV POLONIA                                        ;625;SÃO GERALDO         ;90230110  ;-30.0088293;-51.2025341;33422324            ;leniraleites40@gmail.com                          ;                                                                                                    ;;;;1;ILHAS, HUMAITA/NAVEGANTES;1;HUMAITÁ/NAVEGANTES;EM ATIVIDADE;SIM;NÃO;NÃO;NÃO;NÃO;NÃO;SIM;NÃO;SIM;NÃO;SIM;NÃO;NÃO;SIM
2021-01-01 04:16:45.380;PRIVADO;NI;5183;43211348;5183 EEI FAVO DE MEL  VILA ELIZABETH                    ;5183 FAVO DE MEL              ;R VIDAL BARBOSA                                   ;1075;SARANDI             ;91120340  ;-29.9806262;-51.131500499999994;33643737            ;centrofavodemel@yahoo.com.br                      ;                                                                                                    ;;;;2;SARANDI/NORTE;5;NORTE;EM ATIVIDADE;SIM;NÃO;NÃO;NÃO;NÃO;NÃO;SIM;NÃO;NÃO;NÃO;SIM;NÃO;NÃO;SIM
2021-01-01 04:16:45.380;PRIVADO;NI;5184;43299148;5184 EEI JARDIM IPIRANGA                                ;5184 JARDIM IPIRANGA          ;AV ENG ARY DE ABREU LIMA                          ;390;VILA IPIRANGA       ;91360070  ;-30.026365;-51.1544272;33470210            ;julianal_brito@hotmail.com                        ;                                                                                                    ;;;;1;ILHAS, HUMAITA/NAVEGANTES;2;NOROESTE;EM ATIVIDADE;SIM;NÃO;NÃO;NÃO;NÃO;NÃO;SIM;NÃO;NÃO;NÃO;SIM;NÃO;NÃO;SIM
2021-01-01 04:16:45.380;PRIVADO;NI;5185;43297110;5185 EEI SÃO MARCOS                                     ;5185 SÃO MARCOS               ;R ANTONIO JOSE DE SANTANA                         ;899;AGRONOMIA           ;91540180  ;-30.0853063;-51.1154847;33222742            ;a.b.saomarcos@hotmail.com                         ;                                                                                                    ;;;;9;LOMBA DO PINHEIRO/AGRONOMIA;4;LOMBA DO PINHEIRO;EM ATIVIDADE;SIM;NÃO;NÃO;NÃO;NÃO;NÃO;SIM;NÃO;NÃO;NÃO;SIM;NÃO;NÃO;SIM
2021-01-01 04:16:45.380;PRIVADO;NI;5186;43300081;5186 EEI CANTINHO ENCANTADO                             ;5186 CANTINHO ENCANTADO       ;RUA JOSÉ INÁCIO DA SILVA                          ;441;BELÉM NOVO          ;91780240  ;-30.2066819;-51.1701408;985248231           ;jeannine.kercher@gmail.com                        ;                                                                                                    ;;;;6;CENTRO SUL/SUL;13;EXTREMO SUL;EM ATIVIDADE;SIM;NÃO;NÃO;NÃO;NÃO;NÃO;SIM;NÃO;NÃO;NÃO;SIM;NÃO;NÃO;SIM
2021-01-01 04:16:45.380;PRIVADO;NI;5189;43298133;5189 IEI CORAÇÃO VALENTE                                ;5189 CORAÇÃO VALENTE          ;R FELISBERTO MAIA                                 ;190;MÁRIO QUINTANA      ;91260371  ;-30.0297969;-51.1090545;985245407           ;anjos180@yahoo.com.br                             ;                                                                                                    ;;;;10;NORDESTE/EIXO BALTAZAR;6;NORDESTE;EM ATIVIDADE;SIM;NÃO;NÃO;NÃO;NÃO;NÃO;SIM;NÃO;NÃO;NÃO;SIM;NÃO;NÃO;SIM
2021-01-01 04:16:45.380;PRIVADO;NI;5190;43296130;5190 EEI PINGUINHOS DE OURO                             ;5190 PINGUINHOS DE OURO       ;BC CARLOS SUPERTI                                 ;300;VILA NOVA           ;91750020  ;-30.124392899999997;-51.217559599999994;32499189            ;eeipinguinhosdeouro@gmail.com                     ;                                                                                                    ;;;;6;CENTRO SUL/SUL;12;CENTRO-SUL;EM ATIVIDADE;SIM;NÃO;NÃO;NÃO;NÃO;NÃO;SIM;NÃO;NÃO;NÃO;SIM;NÃO;NÃO;SIM
2021-01-01 04:16:45.380;PRIVADO;NI;5191;43108580;5191 IEI CASA DA CRIANÇA N SRA AUXILIADORA              ;5191 CRECHE N SRA AUXILIADORA ;RUA FELIPE NERI                                   ;78;AUXILIADORA         ;90440150  ;-30.0231757;-51.1950563;33329521            ;casadacriancansa@gmail.com                        ;                                                                                                    ;;;;8;CENTRO;16;CENTRO;EM ATIVIDADE;SIM;NÃO;NÃO;NÃO;NÃO;NÃO;SIM;NÃO;SIM;NÃO;SIM;NÃO;NÃO;SIM
2021-01-01 04:16:45.380;PRIVADO;NI;5192;43285007;5192 EEI RENASCER DA ESPERANÇA                          ;5192 RENASCER DA ESPERANÇA    ;AV ECON NILO WULFF                                ;919;RESTINGA            ;91790000  ;-30.1505215;-51.1451066;30124576            ;renascereducacaoinfantil@outlook.com              ;                                                                                                    ;;;;7;RESTINGA/EXTREMO-SUL;8;RESTINGA;EM ATIVIDADE;SIM;NÃO;NÃO;NÃO;NÃO;NÃO;SIM;NÃO;NÃO;NÃO;SIM;NÃO;NÃO;SIM
2021-01-01 04:16:45.380;PRIVADO;NI;5193;43367330;5193 EEI TREVO DE OURO                                  ;5193 TREVO DE OURO            ;BECO DO GUARÁ                                     ;59;GUARUJÁ             ;91770012  ;-30.1591027;-51.2140756;32660062            ;esctrevodeouro@gmail.com                          ;                                                                                                    ;;;;6;CENTRO SUL/SUL;15;SUL;EM ATIVIDADE;SIM;NÃO;NÃO;NÃO;NÃO;NÃO;SIM;NÃO;NÃO;NÃO;SIM;NÃO;NÃO;SIM
2021-01-01 04:16:45.380;PRIVADO;NI;5194;43367348;5194 EEI PLANETA DO SABER                               ;5194 PLANETA DO SABER         ;RUA OLRLANDO AITA                                 ;2;JARDIM LEOPOLDINA   ;91240030  ;-30.018334;-51.111371;84232280            ;PLANETADOSABER.CONCOJAL@GMAIL.COM                 ;                                                                                                    ;;;;10;NORDESTE/EIXO BALTAZAR;14;EIXO BALTAZAR;EM ATIVIDADE;SIM;NÃO;NÃO;NÃO;NÃO;NÃO;SIM;NÃO;NÃO;NÃO;SIM;NÃO;NÃO;SIM
2021-01-01 04:16:45.380;PRIVADO;NI;5195;43367356;5195 IEI ANJO DAS FLORES                                ;5195 ANJO DAS FLORES          ;R PESCADOR                                        ;400;ARQUIPÉLAGO         ;90090170  ;-29.9866458;-51.2439598;34148866            ;anjodasflores@hotmail.com                         ;                                                                                                    ;;;;1;ILHAS, HUMAITA/NAVEGANTES;17;ILHAS;EM ATIVIDADE;SIM;NÃO;NÃO;NÃO;NÃO;NÃO;SIM;NÃO;NÃO;NÃO;SIM;NÃO;NÃO;SIM
2021-01-01 04:16:45.380;PRIVADO;NI;5196;43367364;5196 ECEI PADRE NATAL                                   ;5196 PE NATAL                 ;R ITAPUA                                          ;94;MÁRIO QUINTANA      ;91270325  ;-30.032670699999997;-51.119682299999994;33970010            ;ieiman@terra.com.br                               ;                                                                                                    ;;;;10;NORDESTE/EIXO BALTAZAR;6;NORDESTE;EM ATIVIDADE;SIM;NÃO;NÃO;NÃO;NÃO;NÃO;SIM;NÃO;NÃO;NÃO;SIM;NÃO;NÃO;SIM
2021-01-01 04:16:45.380;PRIVADO;NI;5197;43367372;5197 EEI TIO ZÉ                                         ;5197 EEI TIO ZÉ               ;R PRISMA                                          ;64;SANTA TEREZA        ;90840130  ;-30.074327699999998;-51.2318429;32315722            ;tbronkinha@hotmail.com                            ;                                                                                                    ;;;;5;GLÓRIA/CRUZEIRO/CRISTAL;10;CRUZEIRO;EM ATIVIDADE;SIM;NÃO;NÃO;NÃO;NÃO;NÃO;SIM;NÃO;NÃO;NÃO;SIM;NÃO;NÃO;SIM
2021-01-01 04:16:45.380;PRIVADO;NI;5198;43367380;5198 EEI MEUS PRIMEIROS PASSOS                          ;5198 MEUS PRIMEIROS PASSOS    ;R ANA JULIA                                       ;176;LOMBA DO PINHEIRO   ;91550000  ;-30.0996511;-51.143621599999996;33150064            ;escolaprimeirospassos2010@hotmail.com             ;                                                                                                    ;;;;9;LOMBA DO PINHEIRO/AGRONOMIA;4;LOMBA DO PINHEIRO;EM ATIVIDADE;SIM;NÃO;NÃO;NÃO;NÃO;NÃO;SIM;NÃO;NÃO;NÃO;SIM;NÃO;NÃO;SIM
2021-01-01 04:16:45.380;PRIVADO;NI;5199;43210457;5199 EEI MUNDO DA IMAGINAÇÃO                            ;5199 MUNDO DA IMAGINAÇÃO      ;AV MOAB CALDAS                                    ;33;SANTA TEREZA        ;90880310  ;-30.0680609;-51.216383199999996;32335309            ;usps.ong@hotmail.com                              ;                                                                                                    ;;;;5;GLÓRIA/CRUZEIRO/CRISTAL;10;CRUZEIRO;EM ATIVIDADE;SIM;NÃO;NÃO;NÃO;NÃO;NÃO;SIM;NÃO;NÃO;NÃO;SIM;NÃO;NÃO;SIM
2021-01-01 04:16:45.380;PRIVADO;NI;5200;43209041;5200 EEI A CAMINHO DO SOL                               ;5200 CEICSOL                  ;R DR ANTONIO MAZZAFERRO NETO                      ;443;ABERTA DOS MORROS   ;91787196  ;-30.1594269;-51.173816099999996;985371313           ;acaminhodosol13@hotmail.com                       ;                                                                                                    ;;;;6;CENTRO SUL/SUL;15;SUL;EM ATIVIDADE;SIM;NÃO;NÃO;NÃO;NÃO;NÃO;SIM;NÃO;NÃO;NÃO;SIM;NÃO;NÃO;SIM
2021-01-01 04:16:45.380;PRIVADO;NI;5201;43361404;5201 IEI PEDAÇO DE GENTE                                ;5201 PEDAÇO DE GENTE          ;R RAUL CAUDURO                                    ;297;MÁRIO QUINTANA      ;91270580  ;-30.0297176;-51.1039435;33866516            ;centroinfantilpedacodegente@yahoo.com.br          ;                                                                                                    ;;;;10;NORDESTE/EIXO BALTAZAR;6;NORDESTE;EM ATIVIDADE;SIM;NÃO;NÃO;NÃO;NÃO;NÃO;SIM;NÃO;NÃO;NÃO;SIM;NÃO;NÃO;SIM
2021-01-01 04:16:45.380;PRIVADO;NI;5202;43241204;5202 EEI GIRASSOL LAMI                                  ;5202 GIRASSOL - LAMI          ;R NOVA OLINDA                                     ;203;LAMI                ;91787640  ;-30.238843799999998;-51.087908;998284744           ;creche_girassol@hotmail.com                       ;                                                                                                    ;;;;7;RESTINGA/EXTREMO-SUL;13;EXTREMO SUL;EM ATIVIDADE;SIM;NÃO;NÃO;NÃO;NÃO;NÃO;SIM;NÃO;NÃO;NÃO;SIM;NÃO;NÃO;SIM
2021-01-01 04:16:45.380;PRIVADO;NI;5203;43185231;5203 EEI AMIGO GERMANO                                  ;5203 AMIGO GERMANO            ;R SANTANA                                         ;1225;FARROUPILHA         ;90040372  ;-30.048551699999997;-51.2075464;32333392            ;escola.amigo.germano@gmail.com                    ;                                                                                                    ;;;;8;CENTRO;16;CENTRO;EM ATIVIDADE;SIM;NÃO;NÃO;NÃO;NÃO;NÃO;SIM;NÃO;SIM;NÃO;SIM;NÃO;NÃO;SIM
2021-01-01 04:16:45.380;PRIVADO;NI;5204;43187870;5204 EEI CRECHE ELSINHA                                 ;5204 ELSINHA                  ;R MARCIANO RIBEIRO                                ;83;MEDIANEIRA          ;90870360  ;-30.068193899999997;-51.2067707;32237979            ;crecheelsinha@hotmail.com                         ;                                                                                                    ;;;;5;GLÓRIA/CRUZEIRO/CRISTAL;10;CRUZEIRO;EM ATIVIDADE;SIM;NÃO;NÃO;NÃO;NÃO;NÃO;SIM;NÃO;SIM;NÃO;SIM;NÃO;NÃO;SIM
2021-01-01 04:16:45.380;PRIVADO;NI;5205;43004822;5205 IEI OSICOM IV - NOSSA SENHORA DA SALETE            ;5205 OSICOM IV                ;R PARLAMENTO                                      ;215;MORRO SANTANA       ;91450370  ;-30.0419296;-51.1208081;33388701            ;edu04@osicom.com.br                               ;                                                                                                    ;;;;3;BOM JESUS/LESTE;3;LESTE;EM ATIVIDADE;SIM;NÃO;NÃO;NÃO;NÃO;NÃO;NÃO;SIM;SIM;NÃO;NÃO;NÃO;NÃO;SIM
2021-01-01 04:16:45.380;PRIVADO;NI;5207;43004610;5207 IEI PÉ DE MOLEQUE                                  ;5207 PÉ DE MOLEQUE            ;R MARIA PAULA LEAL                                ;200;FARRAPOS            ;90250617  ;-29.983338;-51.199782299999995;33621265            ;instituicaopedemoleque@gmail.com                  ;                                                                                                    ;;;;1;ILHAS, HUMAITA/NAVEGANTES;1;HUMAITÁ/NAVEGANTES;EM ATIVIDADE;SIM;NÃO;NÃO;NÃO;NÃO;NÃO;SIM;NÃO;NÃO;NÃO;SIM;NÃO;NÃO;SIM
2021-01-01 04:16:45.380;PRIVADO;NI;5208;43004369;5208 IEI VITÓRIA                                        ;5208 VITÓRIA - IEDUVIT        ;AV A J RENNER                                     ;773;HUMAITÁ             ;90245000  ;-29.988889699999998;-51.194835399999995;981928381           ;ieivitoria@hotmail.com                            ;                                                                                                    ;;;;1;ILHAS, HUMAITA/NAVEGANTES;1;HUMAITÁ/NAVEGANTES;EM ATIVIDADE;SIM;NÃO;NÃO;NÃO;NÃO;NÃO;SIM;NÃO;NÃO;NÃO;SIM;NÃO;NÃO;SIM
2021-01-01 04:16:45.380;PRIVADO;NI;5209;43004830;5209 IEI ACOMPAR V - LUISA CASAGRANDE LEWANDOWSKI       ;5209 ACOMPAR V- LUISA CASAGRA ;R DR MEER MARIO KAUFMANN                          ;336;SANTA ROSA DE LIMA  ;91160270  ;-30.0013348;-51.104881799999994;33670045            ;nucleo5@acompar.org                               ;                                                                                                    ;;;;2;SARANDI/NORTE;5;NORTE;EM ATIVIDADE;SIM;NÃO;NÃO;NÃO;NÃO;NÃO;SIM;NÃO;SIM;NÃO;SIM;NÃO;NÃO;SIM
2021-01-01 04:16:45.380;PRIVADO;NI;5210;43004350;5210 IEI EREMI                                          ;5210 EREMI                    ;R PAULINO AZURENHA                                ;445;PARTENON            ;90680240  ;-30.066008299999996;-51.19386359999999;33526705            ;crecheeremi@hotmail.com                           ;                                                                                                    ;;;;4;PARTENON;7;PARTENON;EM ATIVIDADE;SIM;NÃO;NÃO;NÃO;NÃO;NÃO;SIM;NÃO;NÃO;NÃO;SIM;NÃO;NÃO;SIM
2021-01-01 04:16:45.380;PRIVADO;NI;5211;43004342;5211 EEI JARDIM DO FUTURO                               ;5211 JARDIM DO FUTURO         ;RUA DA COMUNIDADE                                 ;16;LOMBA DO PINHEIRO   ;91560550  ;-30.1280419;-51.1175524;33222359            ;jardimdofuturo@gmail.com                          ;                                                                                                    ;;;;9;LOMBA DO PINHEIRO/AGRONOMIA;4;LOMBA DO PINHEIRO;EM ATIVIDADE;SIM;NÃO;NÃO;NÃO;NÃO;NÃO;SIM;NÃO;NÃO;NÃO;SIM;NÃO;NÃO;SIM
2021-01-01 04:16:45.380;PRIVADO;NI;5212;43006817;5212 EEI RECANTO DOS PEQUENINOS                         ;5212 RECANTO DOS PEQUENINOS   ;R STEFAN HERMANN                                  ;4;PONTA GROSSA        ;91780598  ;-30.184814099999997;-51.1923226;32686068            ;clubdemaesmaesjesus@gmail.com                     ;                                                                                                    ;;;;7;RESTINGA/EXTREMO-SUL;13;EXTREMO SUL;EM ATIVIDADE;SIM;NÃO;NÃO;NÃO;NÃO;NÃO;SIM;NÃO;NÃO;NÃO;SIM;NÃO;NÃO;SIM
2021-01-01 04:16:45.380;PRIVADO;NI;5213;43379060;5213 IEI PATATI PATATA                                  ;5213 PATATI PATATÁ            ;AV BERNARDINO SILVEIRA PASTORIZA                  ;641;RUBEM BERTA         ;91160310  ;-29.9910791;-51.1021738;40610620            ;PATATIPATATA_AMBA@HOTMAIL.COM                     ;                                                                                                    ;;;;2;SARANDI/NORTE;5;NORTE;EM ATIVIDADE;SIM;NÃO;NÃO;NÃO;NÃO;NÃO;SIM;NÃO;NÃO;NÃO;SIM;NÃO;NÃO;SIM
2021-01-01 04:16:45.380;PRIVADO;NI;5216;43367429;5216 EEI CONSTRUINDO O AMANHÃ                           ;5216 CONSTRUINDO O AMANHÃ     ;R DOMINGOS JOSE POLI                              ;331;RESTINGA            ;91790072  ;-30.159977599999998;-51.134892699999995;32411181            ;eeiconstruindooamanha@gmail.com                   ;                                                                                                    ;;;;7;RESTINGA/EXTREMO-SUL;8;RESTINGA;EM ATIVIDADE;SIM;NÃO;NÃO;NÃO;NÃO;NÃO;SIM;NÃO;NÃO;NÃO;SIM;NÃO;NÃO;SIM
2021-01-01 04:16:45.380;PRIVADO;NI;5217;43004334;5217 EEI EDUARDA PUJOL ZANIRATTI                        ;5217 EDUARDA PUJOL ZANIRATTI  ;AV ECON NILO WULFF                                ;929;RESTINGA            ;91790000  ;-30.1504733;-51.145228;30223551            ;contatoinfantojuvenil@gmail.com                   ;                                                                                                    ;;;;7;RESTINGA/EXTREMO-SUL;8;RESTINGA;EM ATIVIDADE;SIM;NÃO;NÃO;NÃO;NÃO;NÃO;SIM;NÃO;NÃO;NÃO;SIM;NÃO;NÃO;SIM
2021-01-01 04:16:45.380;PRIVADO;NI;5218;43004318;5218 IEI CARLOS ALBERTO TEJERA DE RÉ                    ;5218 CARLOS ALBERTO TEJERA DE ;AV ENG LUDOLFO BOEHL                              ;1402;CASCATA             ;91720150  ;-30.0838606;-51.2005545;33157944            ;micheledubinpoa@gmail.com                         ;                                                                                                    ;;;;5;GLÓRIA/CRUZEIRO/CRISTAL;9;GLÓRIA;EM ATIVIDADE;SIM;NÃO;NÃO;NÃO;NÃO;NÃO;SIM;NÃO;NÃO;NÃO;SIM;NÃO;NÃO;SIM
2021-01-01 04:16:45.380;PRIVADO;NI;5219;43295290;5219 IEI PINGO DE MEL                                   ;5219 PINGO DE MEL             ;RUA BECO DOS MARIANOS                             ;164;AGRONOMIA           ;91540605  ;-30.0676481;-51.143803;33524260            ;IDEIPINGODEMEL@YAHOO.COM.BR                       ;                                                                                                    ;;;;9;LOMBA DO PINHEIRO/AGRONOMIA;4;LOMBA DO PINHEIRO;EM ATIVIDADE;SIM;NÃO;NÃO;NÃO;NÃO;NÃO;SIM;NÃO;NÃO;NÃO;SIM;NÃO;NÃO;SIM
2021-01-01 04:16:45.380;PRIVADO;NI;5220;43006825;5220 IEI CANTINHO DO SOL                                ;5220 CANTINHO DO SOL          ;RUA PEDRO RAIMUNDO                                ;179;CHAPÉU DO SOL       ;91787029  ;-30.1764993;-51.1746005;32644316            ;escolacantinhodosol@gmail.com                     ;                                                                                                    ;;;;7;RESTINGA/EXTREMO-SUL;13;EXTREMO SUL;EM ATIVIDADE;SIM;NÃO;NÃO;NÃO;NÃO;NÃO;SIM;NÃO;NÃO;NÃO;SIM;NÃO;NÃO;SIM
2021-01-01 04:16:45.380;PRIVADO;NI;5221;43006833;5221 EEI ANA MALTZ KNIJNIK                              ;5221 ANA MALTZ KNIJNIK        ;ESTR CRISTIANO KRAEMER                            ;1078;VILA NOVA           ;91750062  ;-30.1255537;-51.2021869;35080562            ;escolaanamaltzknijnik@outlook.com                 ;                                                                                                    ;;;;7;RESTINGA/EXTREMO-SUL;12;CENTRO-SUL;EM ATIVIDADE;SIM;NÃO;NÃO;NÃO;NÃO;NÃO;SIM;NÃO;NÃO;NÃO;SIM;NÃO;NÃO;SIM
2021-01-01 04:16:45.380;PRIVADO;NI;5222;43006841;5222 IEI PRISMA                                         ;5222 PRISMA                   ;R PRISMA                                          ;203;SANTA TEREZA        ;90840130  ;-30.077952399999997;-51.230960399999994;32332428            ;escolaprisma203@gmail.com                         ;                                                                                                    ;;;;5;GLÓRIA/CRUZEIRO/CRISTAL;10;CRUZEIRO;EM ATIVIDADE;SIM;NÃO;NÃO;NÃO;NÃO;NÃO;SIM;NÃO;NÃO;NÃO;SIM;NÃO;NÃO;SIM
2021-01-01 04:16:45.380;PRIVADO;NI;5223;43185622;5223 IEI SANTA TERESINHA                                ;5223 SANTA TERESINHA          ;AV VENANCIO AIRES                                 ;1030;FARROUPILHA         ;90040192  ;-30.037628499999997;-51.2104916;33311289            ;instituicaosantaterezinha@hotmail.com             ;                                                                                                    ;;;;1;ILHAS, HUMAITA/NAVEGANTES;16;CENTRO;EM ATIVIDADE;SIM;NÃO;NÃO;NÃO;NÃO;NÃO;SIM;NÃO;SIM;NÃO;SIM;NÃO;NÃO;SIM
2021-01-01 04:16:45.380;PRIVADO;NI;5224;43201270;5224 IEI DOM DADEUS GRINS                               ;5224 DOM DADEUS GRINS         ;BC VITORIA                                        ;1460;LAGEADO             ;91787220  ;-30.2057506;-51.125401399999994;997784699           ;adm30@cpij.org.br                                 ;                                                                                                    ;;;;7;RESTINGA/EXTREMO-SUL;13;EXTREMO SUL;EM ATIVIDADE;SIM;NÃO;NÃO;NÃO;NÃO;NÃO;SIM;NÃO;SIM;NÃO;SIM;NÃO;NÃO;SIM
2021-01-01 04:16:45.380;PRIVADO;NI;5225;43008666;5225 IEI ESPAÇO DO SABER                                ;5225 ESPAÇO DO SABER          ;R MILLO RAFFIN                                    ;79;MÁRIO QUINTANA      ;91240475  ;-30.0294738;-51.116994;33877354            ;ong.suve@yahoo.com.br                             ;                                                                                                    ;;;;10;NORDESTE/EIXO BALTAZAR;6;NORDESTE;EM ATIVIDADE;SIM;NÃO;NÃO;NÃO;NÃO;NÃO;SIM;NÃO;NÃO;NÃO;SIM;NÃO;NÃO;SIM
2021-01-01 04:16:45.380;PRIVADO;NI;5226;43009166;5226 EEI PROFª MARIETA PAIXÃO ARAÚJO                    ;5226 MARIETA PAIXÃO ARAÚJO    ;R SARGENTO SILVIO DELMAR HOLLENBACH               ;698;RUBEM BERTA         ;91240120  ;-30.0219058;-51.1096746;35166240            ;marietapaixaoaraujo@gmail.com                     ;                                                                                                    ;;;;10;NORDESTE/EIXO BALTAZAR;14;EIXO BALTAZAR;EM ATIVIDADE;SIM;NÃO;NÃO;NÃO;NÃO;NÃO;SIM;NÃO;NÃO;NÃO;SIM;NÃO;NÃO;SIM
2021-01-01 04:16:45.380;PRIVADO;NI;5227;43008690;5227 EEI MADRE VERÔNICA                                 ;5227 MADRE VERÔNICA           ;R CEL CLAUDINO                                    ;80;CRISTAL             ;91910670  ;-30.0541333;-51.2440711;30199368            ;dselencovich@hotmail.com                          ;                                                                                                    ;;;;5;GLÓRIA/CRUZEIRO/CRISTAL;11;CRISTAL;EM ATIVIDADE;SIM;NÃO;NÃO;NÃO;NÃO;NÃO;SIM;NÃO;NÃO;NÃO;SIM;NÃO;NÃO;SIM
2021-01-01 04:16:45.380;PRIVADO;NI;5228;43009115;5228 IEI APRENDENDO FELIZ                               ;5228 APRENDENDO FELIZ         ;AC CIRIO AMARAL DE OLIVEIRA                       ;403;RESTINGA            ;91790260  ;-30.1504938;-51.135103099999995;32575046            ;aprendendofeliz@hotmail.com                       ;                                                                                                    ;;;;7;RESTINGA/EXTREMO-SUL;8;RESTINGA;EM ATIVIDADE;SIM;NÃO;NÃO;NÃO;NÃO;NÃO;SIM;NÃO;NÃO;NÃO;SIM;NÃO;NÃO;SIM
2021-01-01 04:16:45.380;PRIVADO;NI;5229;43009280;5229 IEI CONSTRUINDO O AMANHÃ VILA JARDIM               ;5229 IEI CONSTRUINDO O AMANHÃ ;R BARAO DE BAGE                                   ;317;VILA JARDIM         ;91330570  ;-30.0382218;-51.1553158;33389395            ;ieicamanha@gmail.com                              ;                                                                                                    ;;;;3;BOM JESUS/LESTE;3;LESTE;EM ATIVIDADE;SIM;NÃO;NÃO;NÃO;NÃO;NÃO;SIM;NÃO;NÃO;NÃO;SIM;NÃO;NÃO;SIM
2021-01-01 04:16:45.380;PRIVADO;NI;5230;43047670;5230 EEI ABRASCE ILHA DO PAVÃO                          ;5230 EEI ABRASCE ILHA DO PAVÃO;BR 290                                            ;98;ARQUIPÉLAGO         ;90090004  ;-29.995091799999997;-51.2170455;995660414           ;escola.pavao@abrascerestauracao.org               ;                                                                                                    ;;;;1;ILHAS, HUMAITA/NAVEGANTES;17;ILHAS;EM ATIVIDADE;SIM;NÃO;NÃO;NÃO;NÃO;NÃO;SIM;NÃO;NÃO;NÃO;SIM;NÃO;NÃO;SIM
2021-01-01 04:16:45.380;PRIVADO;NI;5231;43362540;5231 EEI PIMPONETA                                      ;5231 EEI PIMPONETA            ;AV VINTE UM DE ABRIL                              ;441;SARANDI             ;91120630  ;-29.988643399999997;-51.1293424;30853070            ;PRIMEIROS.PASSOS@OUTLOOK.COM                      ;                                                                                                    ;;;;2;SARANDI/NORTE;5;NORTE;EM ATIVIDADE;SIM;NÃO;NÃO;NÃO;NÃO;NÃO;SIM;NÃO;NÃO;NÃO;SIM;NÃO;NÃO;SIM
2021-01-01 04:16:45.380;PRIVADO;NI;5232;43048170;5232 IEI SALVATORE LETTIERI                             ;5232 IEI SALVATORE LETTIERI   ;R DEZIDERIO SEVERINO                              ;431;PASSO DAS PEDRAS    ;91230250  ;-30.0196723;-51.1248138;34079527            ;escolajardiminga@gmail.com                        ;                                                                                                    ;;;;2;SARANDI/NORTE;14;EIXO BALTAZAR;EM ATIVIDADE;SIM;NÃO;NÃO;NÃO;NÃO;NÃO;SIM;NÃO;NÃO;NÃO;SIM;NÃO;NÃO;SIM
2021-01-01 04:16:45.380;PRIVADO;NI;5233;43089178;5233 EEI NOSSO SENHOR  DOS PASSOS                       ;5233 NOSSO SENHOR DOS PASSOS  ;R CAPITAO PEDROSO                                 ;540;RESTINGA            ;91790790  ;-30.1657561;-51.1475797;32662058            ;andre.seixas69@gmail.com                          ;                                                                                                    ;;;;7;RESTINGA/EXTREMO-SUL;8;RESTINGA;EM ATIVIDADE;SIM;NÃO;NÃO;NÃO;NÃO;NÃO;SIM;NÃO;NÃO;NÃO;SIM;NÃO;NÃO;SIM
2021-01-01 04:16:45.380;PRIVADO;NI;5234;43142478;5234 EEI JARDIM DE OXUM                                 ;5234 EEI JARDIM DE OXUM       ;AV DR JOAO DENTICE                                ;1045;RESTINGA            ;91790090  ;-30.1646389;-51.1391156;32487979            ;jardimdeoxumescola@gmail.com                      ;                                                                                                    ;;;;7;RESTINGA/EXTREMO-SUL;8;RESTINGA;EM ATIVIDADE;SIM;NÃO;NÃO;NÃO;NÃO;NÃO;SIM;NÃO;NÃO;NÃO;SIM;NÃO;NÃO;SIM
2021-01-01 04:16:45.380;PRIVADO;NI;5235;43089283;5235 EEI EDUARDA PUJOL ZANIRATTI II                     ;5235 EDUARDA II               ;R ELZIRA NUNES DA SILVA                           ;100;RESTINGA            ;91788712  ;-30.1612722;-51.1505841;32480011            ;contatoinfantojuvenil@gmail.com                   ;                                                                                                    ;;;;7;RESTINGA/EXTREMO-SUL;8;RESTINGA;EM ATIVIDADE;SIM;NÃO;NÃO;NÃO;NÃO;NÃO;SIM;NÃO;NÃO;NÃO;SIM;NÃO;NÃO;SIM
2021-01-01 04:16:45.380;PRIVADO;NI;5236;43051510;5236 EEI PITINGUINHA                                    ;5236 PITINGUINHA              ;R WALTHER SCHNEIDER                               ;224;RESTINGA            ;91790402  ;-30.142932799999997;-51.10186229999999;32036570            ;pitinguinha@hotmail.com                           ;                                                                                                    ;;;;7;RESTINGA/EXTREMO-SUL;8;RESTINGA;EM ATIVIDADE;SIM;NÃO;NÃO;NÃO;NÃO;NÃO;SIM;NÃO;NÃO;NÃO;SIM;NÃO;NÃO;SIM
2021-01-01 04:16:45.380;PRIVADO;NI;5237;43089160;5237 EEI WLANIR PORTO                                   ;5237 WLANIR PORTO             ;R ARGEMIRO OGANDO CORREA                          ;350;SERRARIA            ;91770810  ;-30.1636441;-51.227895999999994;99811515            ;escolawlanirporto@gmail.com                       ;                                                                                                    ;;;;6;CENTRO SUL/SUL;15;SUL;EM ATIVIDADE;SIM;NÃO;NÃO;NÃO;NÃO;NÃO;SIM;NÃO;NÃO;NÃO;SIM;NÃO;NÃO;SIM
2021-01-01 04:16:45.380;PRIVADO;NI;5238;43046088;5238 EEI CHEIRINHO DE MÃE                               ;5238 CHEIRINHO DE MÃE         ;ACESSO F                                          ;2492;RESTINGA            ;91793695  ;-30.1528026;-51.1456262;32493821            ;cheirinhodemae@hotmail.com                        ;                                                                                                    ;;;;6;CENTRO SUL/SUL;8;RESTINGA;EM ATIVIDADE;SIM;NÃO;NÃO;NÃO;NÃO;NÃO;SIM;NÃO;NÃO;NÃO;SIM;NÃO;NÃO;SIM
2021-01-01 04:16:45.380;PRIVADO;NI;5239;43044999;5239 EEI MEU PEDACINHO DE CHÃO                          ;5239 MEU PEDACINHO DE CHÃO    ;R COLISEU                                         ;893;RESTINGA            ;91790280  ;-30.152589799999998;-51.13621869999999;32491219            ;jacque.rib@hotmail.com                            ;                                                                                                    ;;;;7;RESTINGA/EXTREMO-SUL;8;RESTINGA;EM ATIVIDADE;SIM;NÃO;NÃO;NÃO;NÃO;NÃO;SIM;NÃO;NÃO;NÃO;SIM;NÃO;NÃO;SIM
2021-01-01 04:16:45.380;PRIVADO;NI;5240;43089194;5240 EEI JARDIM FLORESTA LAMI                           ;5240 JARDIM FLORESTA LAMI     ;RUA E                                             ;115;LAMI                ;91787516  ;-30.2381117;-51.0832602;32456407            ;secretario.admjardimfloresta@gmail.com            ;                                                                                                    ;;;;7;RESTINGA/EXTREMO-SUL;13;EXTREMO SUL;EM ATIVIDADE;SIM;NÃO;NÃO;NÃO;NÃO;NÃO;SIM;NÃO;NÃO;NÃO;SIM;NÃO;NÃO;SIM
2021-01-01 04:16:45.380;PRIVADO;NI;5241;43089216;5241 EEI DESENVOLVENDO O SABER                          ;5241 DESENVOLVENDO O SABER    ;ACB(SQ 6 -3 UNIDADE VICINAL)                      ;3728;RESTINGA            ;91793440  ;-30.1472718;-51.149968;32574058            ;prof-andreiafraga@hotmail.com                     ;                                                                                                    ;;;;7;RESTINGA/EXTREMO-SUL;8;RESTINGA;EM ATIVIDADE;SIM;NÃO;NÃO;NÃO;NÃO;NÃO;SIM;NÃO;NÃO;NÃO;SIM;NÃO;NÃO;SIM
2021-01-01 04:16:45.380;PRIVADO;NI;5242;43142672;5242 EEI IEIMAN III                                     ;5242 EEI LAVINIA PEREZ        ;R BEZERRA DE MENEZES                              ;410;PASSO DA AREIA      ;91350130  ;-30.0156205;-51.1691659;33421924            ;ieiman@terra.com.br                               ;                                                                                                    ;;;;2;SARANDI/NORTE;2;NOROESTE;EM ATIVIDADE;SIM;NÃO;NÃO;NÃO;NÃO;NÃO;SIM;NÃO;NÃO;NÃO;SIM;NÃO;NÃO;SIM
2021-01-01 04:16:45.380;PRIVADO;NI;5243;43213138;5243 EEI ANANDA MARGA BELEM NOVO                        ;5243 ANANDA MARGA BELEM NOVO  ;R EUSTAQUIO INACIO DA SILVEIRA                    ;290;BELÉM NOVO          ;91780110  ;0.0;0.0;33122300            ;brasil@amurt.org.br                               ;                                                                                                    ;;;;7;RESTINGA/EXTREMO-SUL;13;EXTREMO SUL;EM ATIVIDADE;SIM;NÃO;NÃO;NÃO;NÃO;NÃO;SIM;NÃO;NÃO;NÃO;SIM;NÃO;NÃO;SIM
2021-01-01 04:16:45.380;PRIVADO;NI;5244;43142362;5244 EEI NOSSA SENHORA DAS GRAÇAS                       ;5244 EEI NOSSA SENHORA DAS GRA;RUA 2A ESTRADA OTAVIANO JOSE PINTO                ;21;LAMI                ;91787564  ;-30.2245808;-51.0694994;32581374            ;adm11@cpij.org.br                                 ;                                                                                                    ;;;;7;RESTINGA/EXTREMO-SUL;13;EXTREMO SUL;EM ATIVIDADE;SIM;NÃO;NÃO;NÃO;NÃO;NÃO;NÃO;NÃO;SIM;NÃO;SIM;NÃO;NÃO;SIM
2021-01-01 04:16:45.380;PRIVADO;NI;5245;43162274;5245 EEI ENI MEDEIROS                                   ;5245 EEI ENI MEDEIROS         ;R ATTILIO BILIBIO                                 ;261;JARDIM CARVALHO     ;91530008  ;-30.0596861;-51.1490971;996612594           ;adm29@cpij.org.br                                 ;                                                                                                    ;;;;3;BOM JESUS/LESTE;3;LESTE;EM ATIVIDADE;SIM;NÃO;NÃO;NÃO;NÃO;NÃO;SIM;NÃO;SIM;NÃO;SIM;NÃO;NÃO;SIM
2021-01-01 04:16:45.380;PRIVADO;NI;5246;0;5246 ECEI BUSCANDO O SABER                              ;5246 BUSCANDO O SABER         ;RUA JOÃO ANTONIO DA SILVEIRA                      ;1730;RESTINGA            ;91792800  ;-30.1546;-51.1455;984925111           ;e.e.i.buscandoosaber@gmail.com                    ;                                                                                                    ;;;;8;CENTRO;15;SUL;EM ATIVIDADE;SIM;NÃO;NÃO;NÃO;NÃO;NÃO;SIM;NÃO;NÃO;NÃO;SIM;NÃO;NÃO;NÃO
2021-01-01 04:16:45.380;PRIVADO;NI;6001;43105416;6001 EEF PEQUENA CASA DA CRIANÇA                        ;6001 PEQUENA CASA DA CRIANÇA  ;R MARIO DE ARTAGAO                                ;13;PARTENON            ;90680090  ;-30.065438699999998;-51.1946497;30760500            ;escola@pequenacasa.org.br                         ;                                                                                                    ;;;;4;PARTENON;7;PARTENON;EM ATIVIDADE;SIM;NÃO;NÃO;NÃO;NÃO;NÃO;NÃO;NÃO;SIM;NÃO;SIM;NÃO;NÃO;SIM
2021-01-01 04:16:45.380;PRIVADO;NI;6002;43189768;6002 EEF ALDEIA LUMIAR                                  ;ALDEIA LUMIAR                 ;R DONA PAULINA                                    ;700;TRISTEZA            ;91920030  ;0.0;0.0;30699517            ;SECRETARIA.ESCOLA@ALDEIADAFRATERNIDADE.ORG.BR     ;                                                                                                    ;;;;6;CENTRO SUL/SUL;15;SUL;EM ATIVIDADE;SIM;NÃO;NÃO;NÃO;NÃO;NÃO;NÃO;NÃO;SIM;NÃO;SIM;NÃO;NÃO;SIM
